1,1,2,103,102,304,305,406,405
2,2,3,104,103,305,306,407,406
3,3,4,105,104,306,307,408,407
4,4,5,106,105,307,308,409,408
5,5,6,107,106,308,309,410,409
6,6,7,108,107,309,310,411,410
7,7,8,109,108,310,311,412,411
8,8,9,110,109,311,312,413,412
9,9,10,111,110,312,313,414,413
10,10,11,112,111,313,314,415,414
11,11,12,113,112,314,315,416,415
12,12,13,114,113,315,316,417,416
13,13,14,115,114,316,317,418,417
14,14,15,116,115,317,318,419,418
15,15,16,117,116,318,319,420,419
16,16,17,118,117,319,320,421,420
17,17,18,119,118,320,321,422,421
18,18,19,120,119,321,322,423,422
19,19,20,121,120,322,323,424,423
20,20,21,122,121,323,324,425,424
21,21,22,123,122,324,325,426,425
22,22,23,124,123,325,326,427,426
23,23,24,125,124,326,327,428,427
24,24,25,126,125,327,328,429,428
25,25,26,127,126,328,329,430,429
26,26,27,128,127,329,330,431,430
27,27,28,129,128,330,331,432,431
28,28,29,130,129,331,332,433,432
29,29,30,131,130,332,333,434,433
30,30,31,132,131,333,334,435,434
31,31,32,133,132,334,335,436,435
32,32,33,134,133,335,336,437,436
33,33,34,135,134,336,337,438,437
34,34,35,136,135,337,338,439,438
35,35,36,137,136,338,339,440,439
36,36,37,138,137,339,340,441,440
37,37,38,139,138,340,341,442,441
38,38,39,140,139,341,342,443,442
39,39,40,141,140,342,343,444,443
40,40,41,142,141,343,344,445,444
41,41,42,143,142,344,345,446,445
42,42,43,144,143,345,346,447,446
43,43,44,145,144,346,347,448,447
44,44,45,146,145,347,348,449,448
45,45,46,147,146,348,349,450,449
46,46,47,148,147,349,350,451,450
47,47,48,149,148,350,351,452,451
48,48,49,150,149,351,352,453,452
49,49,50,151,150,352,353,454,453
50,50,51,152,151,353,354,455,454
51,51,52,153,152,354,355,456,455
52,52,53,154,153,355,356,457,456
53,53,54,155,154,356,357,458,457
54,54,55,156,155,357,358,459,458
55,55,56,157,156,358,359,460,459
56,56,57,158,157,359,360,461,460
57,57,58,159,158,360,361,462,461
58,58,59,160,159,361,362,463,462
59,59,60,161,160,362,363,464,463
60,60,61,162,161,363,364,465,464
61,61,62,163,162,364,365,466,465
62,62,63,164,163,365,366,467,466
63,63,64,165,164,366,367,468,467
64,64,65,166,165,367,368,469,468
65,65,66,167,166,368,369,470,469
66,66,67,168,167,369,370,471,470
67,67,68,169,168,370,371,472,471
68,68,69,170,169,371,372,473,472
69,69,70,171,170,372,373,474,473
70,70,71,172,171,373,374,475,474
71,71,72,173,172,374,375,476,475
72,72,73,174,173,375,376,477,476
73,73,74,175,174,376,377,478,477
74,74,75,176,175,377,378,479,478
75,75,76,177,176,378,379,480,479
76,76,77,178,177,379,380,481,480
77,77,78,179,178,380,381,482,481
78,78,79,180,179,381,382,483,482
79,79,80,181,180,382,383,484,483
80,80,81,182,181,383,384,485,484
81,81,82,183,182,384,385,486,485
82,82,83,184,183,385,386,487,486
83,83,84,185,184,386,387,488,487
84,84,85,186,185,387,388,489,488
85,85,86,187,186,388,389,490,489
86,86,87,188,187,389,390,491,490
87,87,88,189,188,390,391,492,491
88,88,89,190,189,391,392,493,492
89,89,90,191,190,392,393,494,493
90,90,91,192,191,393,394,495,494
91,91,92,193,192,394,395,496,495
92,92,93,194,193,395,396,497,496
93,93,94,195,194,396,397,498,497
94,94,95,196,195,397,398,499,498
95,95,96,197,196,398,399,500,499
96,96,97,198,197,399,400,501,500
97,97,98,199,198,400,401,502,501
98,98,99,200,199,401,402,503,502
99,99,100,201,200,402,403,504,503
100,100,101,202,201,403,404,505,504
101,102,103,204,203,405,406,507,506
102,103,104,205,204,406,407,508,507
103,104,105,206,205,407,408,509,508
104,105,106,207,206,408,409,510,509
105,106,107,208,207,409,410,511,510
106,107,108,209,208,410,411,512,511
107,108,109,210,209,411,412,513,512
108,109,110,211,210,412,413,514,513
109,110,111,212,211,413,414,515,514
110,111,112,213,212,414,415,516,515
111,112,113,214,213,415,416,517,516
112,113,114,215,214,416,417,518,517
113,114,115,216,215,417,418,519,518
114,115,116,217,216,418,419,520,519
115,116,117,218,217,419,420,521,520
116,117,118,219,218,420,421,522,521
117,118,119,220,219,421,422,523,522
118,119,120,221,220,422,423,524,523
119,120,121,222,221,423,424,525,524
120,121,122,223,222,424,425,526,525
121,122,123,224,223,425,426,527,526
122,123,124,225,224,426,427,528,527
123,124,125,226,225,427,428,529,528
124,125,126,227,226,428,429,530,529
125,126,127,228,227,429,430,531,530
126,127,128,229,228,430,431,532,531
127,128,129,230,229,431,432,533,532
128,129,130,231,230,432,433,534,533
129,130,131,232,231,433,434,535,534
130,131,132,233,232,434,435,536,535
131,132,133,234,233,435,436,537,536
132,133,134,235,234,436,437,538,537
133,134,135,236,235,437,438,539,538
134,135,136,237,236,438,439,540,539
135,136,137,238,237,439,440,541,540
136,137,138,239,238,440,441,542,541
137,138,139,240,239,441,442,543,542
138,139,140,241,240,442,443,544,543
139,140,141,242,241,443,444,545,544
140,141,142,243,242,444,445,546,545
141,142,143,244,243,445,446,547,546
142,143,144,245,244,446,447,548,547
143,144,145,246,245,447,448,549,548
144,145,146,247,246,448,449,550,549
145,146,147,248,247,449,450,551,550
146,147,148,249,248,450,451,552,551
147,148,149,250,249,451,452,553,552
148,149,150,251,250,452,453,554,553
149,150,151,252,251,453,454,555,554
150,151,152,253,252,454,455,556,555
151,152,153,254,253,455,456,557,556
152,153,154,255,254,456,457,558,557
153,154,155,256,255,457,458,559,558
154,155,156,257,256,458,459,560,559
155,156,157,258,257,459,460,561,560
156,157,158,259,258,460,461,562,561
157,158,159,260,259,461,462,563,562
158,159,160,261,260,462,463,564,563
159,160,161,262,261,463,464,565,564
160,161,162,263,262,464,465,566,565
161,162,163,264,263,465,466,567,566
162,163,164,265,264,466,467,568,567
163,164,165,266,265,467,468,569,568
164,165,166,267,266,468,469,570,569
165,166,167,268,267,469,470,571,570
166,167,168,269,268,470,471,572,571
167,168,169,270,269,471,472,573,572
168,169,170,271,270,472,473,574,573
169,170,171,272,271,473,474,575,574
170,171,172,273,272,474,475,576,575
171,172,173,274,273,475,476,577,576
172,173,174,275,274,476,477,578,577
173,174,175,276,275,477,478,579,578
174,175,176,277,276,478,479,580,579
175,176,177,278,277,479,480,581,580
176,177,178,279,278,480,481,582,581
177,178,179,280,279,481,482,583,582
178,179,180,281,280,482,483,584,583
179,180,181,282,281,483,484,585,584
180,181,182,283,282,484,485,586,585
181,182,183,284,283,485,486,587,586
182,183,184,285,284,486,487,588,587
183,184,185,286,285,487,488,589,588
184,185,186,287,286,488,489,590,589
185,186,187,288,287,489,490,591,590
186,187,188,289,288,490,491,592,591
187,188,189,290,289,491,492,593,592
188,189,190,291,290,492,493,594,593
189,190,191,292,291,493,494,595,594
190,191,192,293,292,494,495,596,595
191,192,193,294,293,495,496,597,596
192,193,194,295,294,496,497,598,597
193,194,195,296,295,497,498,599,598
194,195,196,297,296,498,499,600,599
195,196,197,298,297,499,500,601,600
196,197,198,299,298,500,501,602,601
197,198,199,300,299,501,502,603,602
198,199,200,301,300,502,503,604,603
199,200,201,302,301,503,504,605,604
200,201,202,303,302,504,505,606,605
201,304,305,406,405,607,608,709,708
202,305,306,407,406,608,609,710,709
203,306,307,408,407,609,610,711,710
204,307,308,409,408,610,611,712,711
205,308,309,410,409,611,612,713,712
206,309,310,411,410,612,613,714,713
207,310,311,412,411,613,614,715,714
208,311,312,413,412,614,615,716,715
209,312,313,414,413,615,616,717,716
210,313,314,415,414,616,617,718,717
211,314,315,416,415,617,618,719,718
212,315,316,417,416,618,619,720,719
213,316,317,418,417,619,620,721,720
214,317,318,419,418,620,621,722,721
215,318,319,420,419,621,622,723,722
216,319,320,421,420,622,623,724,723
217,320,321,422,421,623,624,725,724
218,321,322,423,422,624,625,726,725
219,322,323,424,423,625,626,727,726
220,323,324,425,424,626,627,728,727
221,324,325,426,425,627,628,729,728
222,325,326,427,426,628,629,730,729
223,326,327,428,427,629,630,731,730
224,327,328,429,428,630,631,732,731
225,328,329,430,429,631,632,733,732
226,329,330,431,430,632,633,734,733
227,330,331,432,431,633,634,735,734
228,331,332,433,432,634,635,736,735
229,332,333,434,433,635,636,737,736
230,333,334,435,434,636,637,738,737
231,334,335,436,435,637,638,739,738
232,335,336,437,436,638,639,740,739
233,336,337,438,437,639,640,741,740
234,337,338,439,438,640,641,742,741
235,338,339,440,439,641,642,743,742
236,339,340,441,440,642,643,744,743
237,340,341,442,441,643,644,745,744
238,341,342,443,442,644,645,746,745
239,342,343,444,443,645,646,747,746
240,343,344,445,444,646,647,748,747
241,344,345,446,445,647,648,749,748
242,345,346,447,446,648,649,750,749
243,346,347,448,447,649,650,751,750
244,347,348,449,448,650,651,752,751
245,348,349,450,449,651,652,753,752
246,349,350,451,450,652,653,754,753
247,350,351,452,451,653,654,755,754
248,351,352,453,452,654,655,756,755
249,352,353,454,453,655,656,757,756
250,353,354,455,454,656,657,758,757
251,354,355,456,455,657,658,759,758
252,355,356,457,456,658,659,760,759
253,356,357,458,457,659,660,761,760
254,357,358,459,458,660,661,762,761
255,358,359,460,459,661,662,763,762
256,359,360,461,460,662,663,764,763
257,360,361,462,461,663,664,765,764
258,361,362,463,462,664,665,766,765
259,362,363,464,463,665,666,767,766
260,363,364,465,464,666,667,768,767
261,364,365,466,465,667,668,769,768
262,365,366,467,466,668,669,770,769
263,366,367,468,467,669,670,771,770
264,367,368,469,468,670,671,772,771
265,368,369,470,469,671,672,773,772
266,369,370,471,470,672,673,774,773
267,370,371,472,471,673,674,775,774
268,371,372,473,472,674,675,776,775
269,372,373,474,473,675,676,777,776
270,373,374,475,474,676,677,778,777
271,374,375,476,475,677,678,779,778
272,375,376,477,476,678,679,780,779
273,376,377,478,477,679,680,781,780
274,377,378,479,478,680,681,782,781
275,378,379,480,479,681,682,783,782
276,379,380,481,480,682,683,784,783
277,380,381,482,481,683,684,785,784
278,381,382,483,482,684,685,786,785
279,382,383,484,483,685,686,787,786
280,383,384,485,484,686,687,788,787
281,384,385,486,485,687,688,789,788
282,385,386,487,486,688,689,790,789
283,386,387,488,487,689,690,791,790
284,387,388,489,488,690,691,792,791
285,388,389,490,489,691,692,793,792
286,389,390,491,490,692,693,794,793
287,390,391,492,491,693,694,795,794
288,391,392,493,492,694,695,796,795
289,392,393,494,493,695,696,797,796
290,393,394,495,494,696,697,798,797
291,394,395,496,495,697,698,799,798
292,395,396,497,496,698,699,800,799
293,396,397,498,497,699,700,801,800
294,397,398,499,498,700,701,802,801
295,398,399,500,499,701,702,803,802
296,399,400,501,500,702,703,804,803
297,400,401,502,501,703,704,805,804
298,401,402,503,502,704,705,806,805
299,402,403,504,503,705,706,807,806
300,403,404,505,504,706,707,808,807
301,405,406,507,506,708,709,810,809
302,406,407,508,507,709,710,811,810
303,407,408,509,508,710,711,812,811
304,408,409,510,509,711,712,813,812
305,409,410,511,510,712,713,814,813
306,410,411,512,511,713,714,815,814
307,411,412,513,512,714,715,816,815
308,412,413,514,513,715,716,817,816
309,413,414,515,514,716,717,818,817
310,414,415,516,515,717,718,819,818
311,415,416,517,516,718,719,820,819
312,416,417,518,517,719,720,821,820
313,417,418,519,518,720,721,822,821
314,418,419,520,519,721,722,823,822
315,419,420,521,520,722,723,824,823
316,420,421,522,521,723,724,825,824
317,421,422,523,522,724,725,826,825
318,422,423,524,523,725,726,827,826
319,423,424,525,524,726,727,828,827
320,424,425,526,525,727,728,829,828
321,425,426,527,526,728,729,830,829
322,426,427,528,527,729,730,831,830
323,427,428,529,528,730,731,832,831
324,428,429,530,529,731,732,833,832
325,429,430,531,530,732,733,834,833
326,430,431,532,531,733,734,835,834
327,431,432,533,532,734,735,836,835
328,432,433,534,533,735,736,837,836
329,433,434,535,534,736,737,838,837
330,434,435,536,535,737,738,839,838
331,435,436,537,536,738,739,840,839
332,436,437,538,537,739,740,841,840
333,437,438,539,538,740,741,842,841
334,438,439,540,539,741,742,843,842
335,439,440,541,540,742,743,844,843
336,440,441,542,541,743,744,845,844
337,441,442,543,542,744,745,846,845
338,442,443,544,543,745,746,847,846
339,443,444,545,544,746,747,848,847
340,444,445,546,545,747,748,849,848
341,445,446,547,546,748,749,850,849
342,446,447,548,547,749,750,851,850
343,447,448,549,548,750,751,852,851
344,448,449,550,549,751,752,853,852
345,449,450,551,550,752,753,854,853
346,450,451,552,551,753,754,855,854
347,451,452,553,552,754,755,856,855
348,452,453,554,553,755,756,857,856
349,453,454,555,554,756,757,858,857
350,454,455,556,555,757,758,859,858
351,455,456,557,556,758,759,860,859
352,456,457,558,557,759,760,861,860
353,457,458,559,558,760,761,862,861
354,458,459,560,559,761,762,863,862
355,459,460,561,560,762,763,864,863
356,460,461,562,561,763,764,865,864
357,461,462,563,562,764,765,866,865
358,462,463,564,563,765,766,867,866
359,463,464,565,564,766,767,868,867
360,464,465,566,565,767,768,869,868
361,465,466,567,566,768,769,870,869
362,466,467,568,567,769,770,871,870
363,467,468,569,568,770,771,872,871
364,468,469,570,569,771,772,873,872
365,469,470,571,570,772,773,874,873
366,470,471,572,571,773,774,875,874
367,471,472,573,572,774,775,876,875
368,472,473,574,573,775,776,877,876
369,473,474,575,574,776,777,878,877
370,474,475,576,575,777,778,879,878
371,475,476,577,576,778,779,880,879
372,476,477,578,577,779,780,881,880
373,477,478,579,578,780,781,882,881
374,478,479,580,579,781,782,883,882
375,479,480,581,580,782,783,884,883
376,480,481,582,581,783,784,885,884
377,481,482,583,582,784,785,886,885
378,482,483,584,583,785,786,887,886
379,483,484,585,584,786,787,888,887
380,484,485,586,585,787,788,889,888
381,485,486,587,586,788,789,890,889
382,486,487,588,587,789,790,891,890
383,487,488,589,588,790,791,892,891
384,488,489,590,589,791,792,893,892
385,489,490,591,590,792,793,894,893
386,490,491,592,591,793,794,895,894
387,491,492,593,592,794,795,896,895
388,492,493,594,593,795,796,897,896
389,493,494,595,594,796,797,898,897
390,494,495,596,595,797,798,899,898
391,495,496,597,596,798,799,900,899
392,496,497,598,597,799,800,901,900
393,497,498,599,598,800,801,902,901
394,498,499,600,599,801,802,903,902
395,499,500,601,600,802,803,904,903
396,500,501,602,601,803,804,905,904
397,501,502,603,602,804,805,906,905
398,502,503,604,603,805,806,907,906
399,503,504,605,604,806,807,908,907
400,504,505,606,605,807,808,909,908
401,607,608,709,708,910,911,1012,1011
402,608,609,710,709,911,912,1013,1012
403,609,610,711,710,912,913,1014,1013
404,610,611,712,711,913,914,1015,1014
405,611,612,713,712,914,915,1016,1015
406,612,613,714,713,915,916,1017,1016
407,613,614,715,714,916,917,1018,1017
408,614,615,716,715,917,918,1019,1018
409,615,616,717,716,918,919,1020,1019
410,616,617,718,717,919,920,1021,1020
411,617,618,719,718,920,921,1022,1021
412,618,619,720,719,921,922,1023,1022
413,619,620,721,720,922,923,1024,1023
414,620,621,722,721,923,924,1025,1024
415,621,622,723,722,924,925,1026,1025
416,622,623,724,723,925,926,1027,1026
417,623,624,725,724,926,927,1028,1027
418,624,625,726,725,927,928,1029,1028
419,625,626,727,726,928,929,1030,1029
420,626,627,728,727,929,930,1031,1030
421,627,628,729,728,930,931,1032,1031
422,628,629,730,729,931,932,1033,1032
423,629,630,731,730,932,933,1034,1033
424,630,631,732,731,933,934,1035,1034
425,631,632,733,732,934,935,1036,1035
426,632,633,734,733,935,936,1037,1036
427,633,634,735,734,936,937,1038,1037
428,634,635,736,735,937,938,1039,1038
429,635,636,737,736,938,939,1040,1039
430,636,637,738,737,939,940,1041,1040
431,637,638,739,738,940,941,1042,1041
432,638,639,740,739,941,942,1043,1042
433,639,640,741,740,942,943,1044,1043
434,640,641,742,741,943,944,1045,1044
435,641,642,743,742,944,945,1046,1045
436,642,643,744,743,945,946,1047,1046
437,643,644,745,744,946,947,1048,1047
438,644,645,746,745,947,948,1049,1048
439,645,646,747,746,948,949,1050,1049
440,646,647,748,747,949,950,1051,1050
441,647,648,749,748,950,951,1052,1051
442,648,649,750,749,951,952,1053,1052
443,649,650,751,750,952,953,1054,1053
444,650,651,752,751,953,954,1055,1054
445,651,652,753,752,954,955,1056,1055
446,652,653,754,753,955,956,1057,1056
447,653,654,755,754,956,957,1058,1057
448,654,655,756,755,957,958,1059,1058
449,655,656,757,756,958,959,1060,1059
450,656,657,758,757,959,960,1061,1060
451,657,658,759,758,960,961,1062,1061
452,658,659,760,759,961,962,1063,1062
453,659,660,761,760,962,963,1064,1063
454,660,661,762,761,963,964,1065,1064
455,661,662,763,762,964,965,1066,1065
456,662,663,764,763,965,966,1067,1066
457,663,664,765,764,966,967,1068,1067
458,664,665,766,765,967,968,1069,1068
459,665,666,767,766,968,969,1070,1069
460,666,667,768,767,969,970,1071,1070
461,667,668,769,768,970,971,1072,1071
462,668,669,770,769,971,972,1073,1072
463,669,670,771,770,972,973,1074,1073
464,670,671,772,771,973,974,1075,1074
465,671,672,773,772,974,975,1076,1075
466,672,673,774,773,975,976,1077,1076
467,673,674,775,774,976,977,1078,1077
468,674,675,776,775,977,978,1079,1078
469,675,676,777,776,978,979,1080,1079
470,676,677,778,777,979,980,1081,1080
471,677,678,779,778,980,981,1082,1081
472,678,679,780,779,981,982,1083,1082
473,679,680,781,780,982,983,1084,1083
474,680,681,782,781,983,984,1085,1084
475,681,682,783,782,984,985,1086,1085
476,682,683,784,783,985,986,1087,1086
477,683,684,785,784,986,987,1088,1087
478,684,685,786,785,987,988,1089,1088
479,685,686,787,786,988,989,1090,1089
480,686,687,788,787,989,990,1091,1090
481,687,688,789,788,990,991,1092,1091
482,688,689,790,789,991,992,1093,1092
483,689,690,791,790,992,993,1094,1093
484,690,691,792,791,993,994,1095,1094
485,691,692,793,792,994,995,1096,1095
486,692,693,794,793,995,996,1097,1096
487,693,694,795,794,996,997,1098,1097
488,694,695,796,795,997,998,1099,1098
489,695,696,797,796,998,999,1100,1099
490,696,697,798,797,999,1000,1101,1100
491,697,698,799,798,1000,1001,1102,1101
492,698,699,800,799,1001,1002,1103,1102
493,699,700,801,800,1002,1003,1104,1103
494,700,701,802,801,1003,1004,1105,1104
495,701,702,803,802,1004,1005,1106,1105
496,702,703,804,803,1005,1006,1107,1106
497,703,704,805,804,1006,1007,1108,1107
498,704,705,806,805,1007,1008,1109,1108
499,705,706,807,806,1008,1009,1110,1109
500,706,707,808,807,1009,1010,1111,1110
501,708,709,810,809,1011,1012,1113,1112
502,709,710,811,810,1012,1013,1114,1113
503,710,711,812,811,1013,1014,1115,1114
504,711,712,813,812,1014,1015,1116,1115
505,712,713,814,813,1015,1016,1117,1116
506,713,714,815,814,1016,1017,1118,1117
507,714,715,816,815,1017,1018,1119,1118
508,715,716,817,816,1018,1019,1120,1119
509,716,717,818,817,1019,1020,1121,1120
510,717,718,819,818,1020,1021,1122,1121
511,718,719,820,819,1021,1022,1123,1122
512,719,720,821,820,1022,1023,1124,1123
513,720,721,822,821,1023,1024,1125,1124
514,721,722,823,822,1024,1025,1126,1125
515,722,723,824,823,1025,1026,1127,1126
516,723,724,825,824,1026,1027,1128,1127
517,724,725,826,825,1027,1028,1129,1128
518,725,726,827,826,1028,1029,1130,1129
519,726,727,828,827,1029,1030,1131,1130
520,727,728,829,828,1030,1031,1132,1131
521,728,729,830,829,1031,1032,1133,1132
522,729,730,831,830,1032,1033,1134,1133
523,730,731,832,831,1033,1034,1135,1134
524,731,732,833,832,1034,1035,1136,1135
525,732,733,834,833,1035,1036,1137,1136
526,733,734,835,834,1036,1037,1138,1137
527,734,735,836,835,1037,1038,1139,1138
528,735,736,837,836,1038,1039,1140,1139
529,736,737,838,837,1039,1040,1141,1140
530,737,738,839,838,1040,1041,1142,1141
531,738,739,840,839,1041,1042,1143,1142
532,739,740,841,840,1042,1043,1144,1143
533,740,741,842,841,1043,1044,1145,1144
534,741,742,843,842,1044,1045,1146,1145
535,742,743,844,843,1045,1046,1147,1146
536,743,744,845,844,1046,1047,1148,1147
537,744,745,846,845,1047,1048,1149,1148
538,745,746,847,846,1048,1049,1150,1149
539,746,747,848,847,1049,1050,1151,1150
540,747,748,849,848,1050,1051,1152,1151
541,748,749,850,849,1051,1052,1153,1152
542,749,750,851,850,1052,1053,1154,1153
543,750,751,852,851,1053,1054,1155,1154
544,751,752,853,852,1054,1055,1156,1155
545,752,753,854,853,1055,1056,1157,1156
546,753,754,855,854,1056,1057,1158,1157
547,754,755,856,855,1057,1058,1159,1158
548,755,756,857,856,1058,1059,1160,1159
549,756,757,858,857,1059,1060,1161,1160
550,757,758,859,858,1060,1061,1162,1161
551,758,759,860,859,1061,1062,1163,1162
552,759,760,861,860,1062,1063,1164,1163
553,760,761,862,861,1063,1064,1165,1164
554,761,762,863,862,1064,1065,1166,1165
555,762,763,864,863,1065,1066,1167,1166
556,763,764,865,864,1066,1067,1168,1167
557,764,765,866,865,1067,1068,1169,1168
558,765,766,867,866,1068,1069,1170,1169
559,766,767,868,867,1069,1070,1171,1170
560,767,768,869,868,1070,1071,1172,1171
561,768,769,870,869,1071,1072,1173,1172
562,769,770,871,870,1072,1073,1174,1173
563,770,771,872,871,1073,1074,1175,1174
564,771,772,873,872,1074,1075,1176,1175
565,772,773,874,873,1075,1076,1177,1176
566,773,774,875,874,1076,1077,1178,1177
567,774,775,876,875,1077,1078,1179,1178
568,775,776,877,876,1078,1079,1180,1179
569,776,777,878,877,1079,1080,1181,1180
570,777,778,879,878,1080,1081,1182,1181
571,778,779,880,879,1081,1082,1183,1182
572,779,780,881,880,1082,1083,1184,1183
573,780,781,882,881,1083,1084,1185,1184
574,781,782,883,882,1084,1085,1186,1185
575,782,783,884,883,1085,1086,1187,1186
576,783,784,885,884,1086,1087,1188,1187
577,784,785,886,885,1087,1088,1189,1188
578,785,786,887,886,1088,1089,1190,1189
579,786,787,888,887,1089,1090,1191,1190
580,787,788,889,888,1090,1091,1192,1191
581,788,789,890,889,1091,1092,1193,1192
582,789,790,891,890,1092,1093,1194,1193
583,790,791,892,891,1093,1094,1195,1194
584,791,792,893,892,1094,1095,1196,1195
585,792,793,894,893,1095,1096,1197,1196
586,793,794,895,894,1096,1097,1198,1197
587,794,795,896,895,1097,1098,1199,1198
588,795,796,897,896,1098,1099,1200,1199
589,796,797,898,897,1099,1100,1201,1200
590,797,798,899,898,1100,1101,1202,1201
591,798,799,900,899,1101,1102,1203,1202
592,799,800,901,900,1102,1103,1204,1203
593,800,801,902,901,1103,1104,1205,1204
594,801,802,903,902,1104,1105,1206,1205
595,802,803,904,903,1105,1106,1207,1206
596,803,804,905,904,1106,1107,1208,1207
597,804,805,906,905,1107,1108,1209,1208
598,805,806,907,906,1108,1109,1210,1209
599,806,807,908,907,1109,1110,1211,1210
600,807,808,909,908,1110,1111,1212,1211
601,910,911,1012,1011,1213,1214,1315,1314
602,911,912,1013,1012,1214,1215,1316,1315
603,912,913,1014,1013,1215,1216,1317,1316
604,913,914,1015,1014,1216,1217,1318,1317
605,914,915,1016,1015,1217,1218,1319,1318
606,915,916,1017,1016,1218,1219,1320,1319
607,916,917,1018,1017,1219,1220,1321,1320
608,917,918,1019,1018,1220,1221,1322,1321
609,918,919,1020,1019,1221,1222,1323,1322
610,919,920,1021,1020,1222,1223,1324,1323
611,920,921,1022,1021,1223,1224,1325,1324
612,921,922,1023,1022,1224,1225,1326,1325
613,922,923,1024,1023,1225,1226,1327,1326
614,923,924,1025,1024,1226,1227,1328,1327
615,924,925,1026,1025,1227,1228,1329,1328
616,925,926,1027,1026,1228,1229,1330,1329
617,926,927,1028,1027,1229,1230,1331,1330
618,927,928,1029,1028,1230,1231,1332,1331
619,928,929,1030,1029,1231,1232,1333,1332
620,929,930,1031,1030,1232,1233,1334,1333
621,930,931,1032,1031,1233,1234,1335,1334
622,931,932,1033,1032,1234,1235,1336,1335
623,932,933,1034,1033,1235,1236,1337,1336
624,933,934,1035,1034,1236,1237,1338,1337
625,934,935,1036,1035,1237,1238,1339,1338
626,935,936,1037,1036,1238,1239,1340,1339
627,936,937,1038,1037,1239,1240,1341,1340
628,937,938,1039,1038,1240,1241,1342,1341
629,938,939,1040,1039,1241,1242,1343,1342
630,939,940,1041,1040,1242,1243,1344,1343
631,940,941,1042,1041,1243,1244,1345,1344
632,941,942,1043,1042,1244,1245,1346,1345
633,942,943,1044,1043,1245,1246,1347,1346
634,943,944,1045,1044,1246,1247,1348,1347
635,944,945,1046,1045,1247,1248,1349,1348
636,945,946,1047,1046,1248,1249,1350,1349
637,946,947,1048,1047,1249,1250,1351,1350
638,947,948,1049,1048,1250,1251,1352,1351
639,948,949,1050,1049,1251,1252,1353,1352
640,949,950,1051,1050,1252,1253,1354,1353
641,950,951,1052,1051,1253,1254,1355,1354
642,951,952,1053,1052,1254,1255,1356,1355
643,952,953,1054,1053,1255,1256,1357,1356
644,953,954,1055,1054,1256,1257,1358,1357
645,954,955,1056,1055,1257,1258,1359,1358
646,955,956,1057,1056,1258,1259,1360,1359
647,956,957,1058,1057,1259,1260,1361,1360
648,957,958,1059,1058,1260,1261,1362,1361
649,958,959,1060,1059,1261,1262,1363,1362
650,959,960,1061,1060,1262,1263,1364,1363
651,960,961,1062,1061,1263,1264,1365,1364
652,961,962,1063,1062,1264,1265,1366,1365
653,962,963,1064,1063,1265,1266,1367,1366
654,963,964,1065,1064,1266,1267,1368,1367
655,964,965,1066,1065,1267,1268,1369,1368
656,965,966,1067,1066,1268,1269,1370,1369
657,966,967,1068,1067,1269,1270,1371,1370
658,967,968,1069,1068,1270,1271,1372,1371
659,968,969,1070,1069,1271,1272,1373,1372
660,969,970,1071,1070,1272,1273,1374,1373
661,970,971,1072,1071,1273,1274,1375,1374
662,971,972,1073,1072,1274,1275,1376,1375
663,972,973,1074,1073,1275,1276,1377,1376
664,973,974,1075,1074,1276,1277,1378,1377
665,974,975,1076,1075,1277,1278,1379,1378
666,975,976,1077,1076,1278,1279,1380,1379
667,976,977,1078,1077,1279,1280,1381,1380
668,977,978,1079,1078,1280,1281,1382,1381
669,978,979,1080,1079,1281,1282,1383,1382
670,979,980,1081,1080,1282,1283,1384,1383
671,980,981,1082,1081,1283,1284,1385,1384
672,981,982,1083,1082,1284,1285,1386,1385
673,982,983,1084,1083,1285,1286,1387,1386
674,983,984,1085,1084,1286,1287,1388,1387
675,984,985,1086,1085,1287,1288,1389,1388
676,985,986,1087,1086,1288,1289,1390,1389
677,986,987,1088,1087,1289,1290,1391,1390
678,987,988,1089,1088,1290,1291,1392,1391
679,988,989,1090,1089,1291,1292,1393,1392
680,989,990,1091,1090,1292,1293,1394,1393
681,990,991,1092,1091,1293,1294,1395,1394
682,991,992,1093,1092,1294,1295,1396,1395
683,992,993,1094,1093,1295,1296,1397,1396
684,993,994,1095,1094,1296,1297,1398,1397
685,994,995,1096,1095,1297,1298,1399,1398
686,995,996,1097,1096,1298,1299,1400,1399
687,996,997,1098,1097,1299,1300,1401,1400
688,997,998,1099,1098,1300,1301,1402,1401
689,998,999,1100,1099,1301,1302,1403,1402
690,999,1000,1101,1100,1302,1303,1404,1403
691,1000,1001,1102,1101,1303,1304,1405,1404
692,1001,1002,1103,1102,1304,1305,1406,1405
693,1002,1003,1104,1103,1305,1306,1407,1406
694,1003,1004,1105,1104,1306,1307,1408,1407
695,1004,1005,1106,1105,1307,1308,1409,1408
696,1005,1006,1107,1106,1308,1309,1410,1409
697,1006,1007,1108,1107,1309,1310,1411,1410
698,1007,1008,1109,1108,1310,1311,1412,1411
699,1008,1009,1110,1109,1311,1312,1413,1412
700,1009,1010,1111,1110,1312,1313,1414,1413
701,1011,1012,1113,1112,1314,1315,1416,1415
702,1012,1013,1114,1113,1315,1316,1417,1416
703,1013,1014,1115,1114,1316,1317,1418,1417
704,1014,1015,1116,1115,1317,1318,1419,1418
705,1015,1016,1117,1116,1318,1319,1420,1419
706,1016,1017,1118,1117,1319,1320,1421,1420
707,1017,1018,1119,1118,1320,1321,1422,1421
708,1018,1019,1120,1119,1321,1322,1423,1422
709,1019,1020,1121,1120,1322,1323,1424,1423
710,1020,1021,1122,1121,1323,1324,1425,1424
711,1021,1022,1123,1122,1324,1325,1426,1425
712,1022,1023,1124,1123,1325,1326,1427,1426
713,1023,1024,1125,1124,1326,1327,1428,1427
714,1024,1025,1126,1125,1327,1328,1429,1428
715,1025,1026,1127,1126,1328,1329,1430,1429
716,1026,1027,1128,1127,1329,1330,1431,1430
717,1027,1028,1129,1128,1330,1331,1432,1431
718,1028,1029,1130,1129,1331,1332,1433,1432
719,1029,1030,1131,1130,1332,1333,1434,1433
720,1030,1031,1132,1131,1333,1334,1435,1434
721,1031,1032,1133,1132,1334,1335,1436,1435
722,1032,1033,1134,1133,1335,1336,1437,1436
723,1033,1034,1135,1134,1336,1337,1438,1437
724,1034,1035,1136,1135,1337,1338,1439,1438
725,1035,1036,1137,1136,1338,1339,1440,1439
726,1036,1037,1138,1137,1339,1340,1441,1440
727,1037,1038,1139,1138,1340,1341,1442,1441
728,1038,1039,1140,1139,1341,1342,1443,1442
729,1039,1040,1141,1140,1342,1343,1444,1443
730,1040,1041,1142,1141,1343,1344,1445,1444
731,1041,1042,1143,1142,1344,1345,1446,1445
732,1042,1043,1144,1143,1345,1346,1447,1446
733,1043,1044,1145,1144,1346,1347,1448,1447
734,1044,1045,1146,1145,1347,1348,1449,1448
735,1045,1046,1147,1146,1348,1349,1450,1449
736,1046,1047,1148,1147,1349,1350,1451,1450
737,1047,1048,1149,1148,1350,1351,1452,1451
738,1048,1049,1150,1149,1351,1352,1453,1452
739,1049,1050,1151,1150,1352,1353,1454,1453
740,1050,1051,1152,1151,1353,1354,1455,1454
741,1051,1052,1153,1152,1354,1355,1456,1455
742,1052,1053,1154,1153,1355,1356,1457,1456
743,1053,1054,1155,1154,1356,1357,1458,1457
744,1054,1055,1156,1155,1357,1358,1459,1458
745,1055,1056,1157,1156,1358,1359,1460,1459
746,1056,1057,1158,1157,1359,1360,1461,1460
747,1057,1058,1159,1158,1360,1361,1462,1461
748,1058,1059,1160,1159,1361,1362,1463,1462
749,1059,1060,1161,1160,1362,1363,1464,1463
750,1060,1061,1162,1161,1363,1364,1465,1464
751,1061,1062,1163,1162,1364,1365,1466,1465
752,1062,1063,1164,1163,1365,1366,1467,1466
753,1063,1064,1165,1164,1366,1367,1468,1467
754,1064,1065,1166,1165,1367,1368,1469,1468
755,1065,1066,1167,1166,1368,1369,1470,1469
756,1066,1067,1168,1167,1369,1370,1471,1470
757,1067,1068,1169,1168,1370,1371,1472,1471
758,1068,1069,1170,1169,1371,1372,1473,1472
759,1069,1070,1171,1170,1372,1373,1474,1473
760,1070,1071,1172,1171,1373,1374,1475,1474
761,1071,1072,1173,1172,1374,1375,1476,1475
762,1072,1073,1174,1173,1375,1376,1477,1476
763,1073,1074,1175,1174,1376,1377,1478,1477
764,1074,1075,1176,1175,1377,1378,1479,1478
765,1075,1076,1177,1176,1378,1379,1480,1479
766,1076,1077,1178,1177,1379,1380,1481,1480
767,1077,1078,1179,1178,1380,1381,1482,1481
768,1078,1079,1180,1179,1381,1382,1483,1482
769,1079,1080,1181,1180,1382,1383,1484,1483
770,1080,1081,1182,1181,1383,1384,1485,1484
771,1081,1082,1183,1182,1384,1385,1486,1485
772,1082,1083,1184,1183,1385,1386,1487,1486
773,1083,1084,1185,1184,1386,1387,1488,1487
774,1084,1085,1186,1185,1387,1388,1489,1488
775,1085,1086,1187,1186,1388,1389,1490,1489
776,1086,1087,1188,1187,1389,1390,1491,1490
777,1087,1088,1189,1188,1390,1391,1492,1491
778,1088,1089,1190,1189,1391,1392,1493,1492
779,1089,1090,1191,1190,1392,1393,1494,1493
780,1090,1091,1192,1191,1393,1394,1495,1494
781,1091,1092,1193,1192,1394,1395,1496,1495
782,1092,1093,1194,1193,1395,1396,1497,1496
783,1093,1094,1195,1194,1396,1397,1498,1497
784,1094,1095,1196,1195,1397,1398,1499,1498
785,1095,1096,1197,1196,1398,1399,1500,1499
786,1096,1097,1198,1197,1399,1400,1501,1500
787,1097,1098,1199,1198,1400,1401,1502,1501
788,1098,1099,1200,1199,1401,1402,1503,1502
789,1099,1100,1201,1200,1402,1403,1504,1503
790,1100,1101,1202,1201,1403,1404,1505,1504
791,1101,1102,1203,1202,1404,1405,1506,1505
792,1102,1103,1204,1203,1405,1406,1507,1506
793,1103,1104,1205,1204,1406,1407,1508,1507
794,1104,1105,1206,1205,1407,1408,1509,1508
795,1105,1106,1207,1206,1408,1409,1510,1509
796,1106,1107,1208,1207,1409,1410,1511,1510
797,1107,1108,1209,1208,1410,1411,1512,1511
798,1108,1109,1210,1209,1411,1412,1513,1512
799,1109,1110,1211,1210,1412,1413,1514,1513
800,1110,1111,1212,1211,1413,1414,1515,1514
801,1213,1214,1315,1314,1516,1517,1618,1617
802,1214,1215,1316,1315,1517,1518,1619,1618
803,1215,1216,1317,1316,1518,1519,1620,1619
804,1216,1217,1318,1317,1519,1520,1621,1620
805,1217,1218,1319,1318,1520,1521,1622,1621
806,1218,1219,1320,1319,1521,1522,1623,1622
807,1219,1220,1321,1320,1522,1523,1624,1623
808,1220,1221,1322,1321,1523,1524,1625,1624
809,1221,1222,1323,1322,1524,1525,1626,1625
810,1222,1223,1324,1323,1525,1526,1627,1626
811,1223,1224,1325,1324,1526,1527,1628,1627
812,1224,1225,1326,1325,1527,1528,1629,1628
813,1225,1226,1327,1326,1528,1529,1630,1629
814,1226,1227,1328,1327,1529,1530,1631,1630
815,1227,1228,1329,1328,1530,1531,1632,1631
816,1228,1229,1330,1329,1531,1532,1633,1632
817,1229,1230,1331,1330,1532,1533,1634,1633
818,1230,1231,1332,1331,1533,1534,1635,1634
819,1231,1232,1333,1332,1534,1535,1636,1635
820,1232,1233,1334,1333,1535,1536,1637,1636
821,1233,1234,1335,1334,1536,1537,1638,1637
822,1234,1235,1336,1335,1537,1538,1639,1638
823,1235,1236,1337,1336,1538,1539,1640,1639
824,1236,1237,1338,1337,1539,1540,1641,1640
825,1237,1238,1339,1338,1540,1541,1642,1641
826,1238,1239,1340,1339,1541,1542,1643,1642
827,1239,1240,1341,1340,1542,1543,1644,1643
828,1240,1241,1342,1341,1543,1544,1645,1644
829,1241,1242,1343,1342,1544,1545,1646,1645
830,1242,1243,1344,1343,1545,1546,1647,1646
831,1243,1244,1345,1344,1546,1547,1648,1647
832,1244,1245,1346,1345,1547,1548,1649,1648
833,1245,1246,1347,1346,1548,1549,1650,1649
834,1246,1247,1348,1347,1549,1550,1651,1650
835,1247,1248,1349,1348,1550,1551,1652,1651
836,1248,1249,1350,1349,1551,1552,1653,1652
837,1249,1250,1351,1350,1552,1553,1654,1653
838,1250,1251,1352,1351,1553,1554,1655,1654
839,1251,1252,1353,1352,1554,1555,1656,1655
840,1252,1253,1354,1353,1555,1556,1657,1656
841,1253,1254,1355,1354,1556,1557,1658,1657
842,1254,1255,1356,1355,1557,1558,1659,1658
843,1255,1256,1357,1356,1558,1559,1660,1659
844,1256,1257,1358,1357,1559,1560,1661,1660
845,1257,1258,1359,1358,1560,1561,1662,1661
846,1258,1259,1360,1359,1561,1562,1663,1662
847,1259,1260,1361,1360,1562,1563,1664,1663
848,1260,1261,1362,1361,1563,1564,1665,1664
849,1261,1262,1363,1362,1564,1565,1666,1665
850,1262,1263,1364,1363,1565,1566,1667,1666
851,1263,1264,1365,1364,1566,1567,1668,1667
852,1264,1265,1366,1365,1567,1568,1669,1668
853,1265,1266,1367,1366,1568,1569,1670,1669
854,1266,1267,1368,1367,1569,1570,1671,1670
855,1267,1268,1369,1368,1570,1571,1672,1671
856,1268,1269,1370,1369,1571,1572,1673,1672
857,1269,1270,1371,1370,1572,1573,1674,1673
858,1270,1271,1372,1371,1573,1574,1675,1674
859,1271,1272,1373,1372,1574,1575,1676,1675
860,1272,1273,1374,1373,1575,1576,1677,1676
861,1273,1274,1375,1374,1576,1577,1678,1677
862,1274,1275,1376,1375,1577,1578,1679,1678
863,1275,1276,1377,1376,1578,1579,1680,1679
864,1276,1277,1378,1377,1579,1580,1681,1680
865,1277,1278,1379,1378,1580,1581,1682,1681
866,1278,1279,1380,1379,1581,1582,1683,1682
867,1279,1280,1381,1380,1582,1583,1684,1683
868,1280,1281,1382,1381,1583,1584,1685,1684
869,1281,1282,1383,1382,1584,1585,1686,1685
870,1282,1283,1384,1383,1585,1586,1687,1686
871,1283,1284,1385,1384,1586,1587,1688,1687
872,1284,1285,1386,1385,1587,1588,1689,1688
873,1285,1286,1387,1386,1588,1589,1690,1689
874,1286,1287,1388,1387,1589,1590,1691,1690
875,1287,1288,1389,1388,1590,1591,1692,1691
876,1288,1289,1390,1389,1591,1592,1693,1692
877,1289,1290,1391,1390,1592,1593,1694,1693
878,1290,1291,1392,1391,1593,1594,1695,1694
879,1291,1292,1393,1392,1594,1595,1696,1695
880,1292,1293,1394,1393,1595,1596,1697,1696
881,1293,1294,1395,1394,1596,1597,1698,1697
882,1294,1295,1396,1395,1597,1598,1699,1698
883,1295,1296,1397,1396,1598,1599,1700,1699
884,1296,1297,1398,1397,1599,1600,1701,1700
885,1297,1298,1399,1398,1600,1601,1702,1701
886,1298,1299,1400,1399,1601,1602,1703,1702
887,1299,1300,1401,1400,1602,1603,1704,1703
888,1300,1301,1402,1401,1603,1604,1705,1704
889,1301,1302,1403,1402,1604,1605,1706,1705
890,1302,1303,1404,1403,1605,1606,1707,1706
891,1303,1304,1405,1404,1606,1607,1708,1707
892,1304,1305,1406,1405,1607,1608,1709,1708
893,1305,1306,1407,1406,1608,1609,1710,1709
894,1306,1307,1408,1407,1609,1610,1711,1710
895,1307,1308,1409,1408,1610,1611,1712,1711
896,1308,1309,1410,1409,1611,1612,1713,1712
897,1309,1310,1411,1410,1612,1613,1714,1713
898,1310,1311,1412,1411,1613,1614,1715,1714
899,1311,1312,1413,1412,1614,1615,1716,1715
900,1312,1313,1414,1413,1615,1616,1717,1716
901,1314,1315,1416,1415,1617,1618,1719,1718
902,1315,1316,1417,1416,1618,1619,1720,1719
903,1316,1317,1418,1417,1619,1620,1721,1720
904,1317,1318,1419,1418,1620,1621,1722,1721
905,1318,1319,1420,1419,1621,1622,1723,1722
906,1319,1320,1421,1420,1622,1623,1724,1723
907,1320,1321,1422,1421,1623,1624,1725,1724
908,1321,1322,1423,1422,1624,1625,1726,1725
909,1322,1323,1424,1423,1625,1626,1727,1726
910,1323,1324,1425,1424,1626,1627,1728,1727
911,1324,1325,1426,1425,1627,1628,1729,1728
912,1325,1326,1427,1426,1628,1629,1730,1729
913,1326,1327,1428,1427,1629,1630,1731,1730
914,1327,1328,1429,1428,1630,1631,1732,1731
915,1328,1329,1430,1429,1631,1632,1733,1732
916,1329,1330,1431,1430,1632,1633,1734,1733
917,1330,1331,1432,1431,1633,1634,1735,1734
918,1331,1332,1433,1432,1634,1635,1736,1735
919,1332,1333,1434,1433,1635,1636,1737,1736
920,1333,1334,1435,1434,1636,1637,1738,1737
921,1334,1335,1436,1435,1637,1638,1739,1738
922,1335,1336,1437,1436,1638,1639,1740,1739
923,1336,1337,1438,1437,1639,1640,1741,1740
924,1337,1338,1439,1438,1640,1641,1742,1741
925,1338,1339,1440,1439,1641,1642,1743,1742
926,1339,1340,1441,1440,1642,1643,1744,1743
927,1340,1341,1442,1441,1643,1644,1745,1744
928,1341,1342,1443,1442,1644,1645,1746,1745
929,1342,1343,1444,1443,1645,1646,1747,1746
930,1343,1344,1445,1444,1646,1647,1748,1747
931,1344,1345,1446,1445,1647,1648,1749,1748
932,1345,1346,1447,1446,1648,1649,1750,1749
933,1346,1347,1448,1447,1649,1650,1751,1750
934,1347,1348,1449,1448,1650,1651,1752,1751
935,1348,1349,1450,1449,1651,1652,1753,1752
936,1349,1350,1451,1450,1652,1653,1754,1753
937,1350,1351,1452,1451,1653,1654,1755,1754
938,1351,1352,1453,1452,1654,1655,1756,1755
939,1352,1353,1454,1453,1655,1656,1757,1756
940,1353,1354,1455,1454,1656,1657,1758,1757
941,1354,1355,1456,1455,1657,1658,1759,1758
942,1355,1356,1457,1456,1658,1659,1760,1759
943,1356,1357,1458,1457,1659,1660,1761,1760
944,1357,1358,1459,1458,1660,1661,1762,1761
945,1358,1359,1460,1459,1661,1662,1763,1762
946,1359,1360,1461,1460,1662,1663,1764,1763
947,1360,1361,1462,1461,1663,1664,1765,1764
948,1361,1362,1463,1462,1664,1665,1766,1765
949,1362,1363,1464,1463,1665,1666,1767,1766
950,1363,1364,1465,1464,1666,1667,1768,1767
951,1364,1365,1466,1465,1667,1668,1769,1768
952,1365,1366,1467,1466,1668,1669,1770,1769
953,1366,1367,1468,1467,1669,1670,1771,1770
954,1367,1368,1469,1468,1670,1671,1772,1771
955,1368,1369,1470,1469,1671,1672,1773,1772
956,1369,1370,1471,1470,1672,1673,1774,1773
957,1370,1371,1472,1471,1673,1674,1775,1774
958,1371,1372,1473,1472,1674,1675,1776,1775
959,1372,1373,1474,1473,1675,1676,1777,1776
960,1373,1374,1475,1474,1676,1677,1778,1777
961,1374,1375,1476,1475,1677,1678,1779,1778
962,1375,1376,1477,1476,1678,1679,1780,1779
963,1376,1377,1478,1477,1679,1680,1781,1780
964,1377,1378,1479,1478,1680,1681,1782,1781
965,1378,1379,1480,1479,1681,1682,1783,1782
966,1379,1380,1481,1480,1682,1683,1784,1783
967,1380,1381,1482,1481,1683,1684,1785,1784
968,1381,1382,1483,1482,1684,1685,1786,1785
969,1382,1383,1484,1483,1685,1686,1787,1786
970,1383,1384,1485,1484,1686,1687,1788,1787
971,1384,1385,1486,1485,1687,1688,1789,1788
972,1385,1386,1487,1486,1688,1689,1790,1789
973,1386,1387,1488,1487,1689,1690,1791,1790
974,1387,1388,1489,1488,1690,1691,1792,1791
975,1388,1389,1490,1489,1691,1692,1793,1792
976,1389,1390,1491,1490,1692,1693,1794,1793
977,1390,1391,1492,1491,1693,1694,1795,1794
978,1391,1392,1493,1492,1694,1695,1796,1795
979,1392,1393,1494,1493,1695,1696,1797,1796
980,1393,1394,1495,1494,1696,1697,1798,1797
981,1394,1395,1496,1495,1697,1698,1799,1798
982,1395,1396,1497,1496,1698,1699,1800,1799
983,1396,1397,1498,1497,1699,1700,1801,1800
984,1397,1398,1499,1498,1700,1701,1802,1801
985,1398,1399,1500,1499,1701,1702,1803,1802
986,1399,1400,1501,1500,1702,1703,1804,1803
987,1400,1401,1502,1501,1703,1704,1805,1804
988,1401,1402,1503,1502,1704,1705,1806,1805
989,1402,1403,1504,1503,1705,1706,1807,1806
990,1403,1404,1505,1504,1706,1707,1808,1807
991,1404,1405,1506,1505,1707,1708,1809,1808
992,1405,1406,1507,1506,1708,1709,1810,1809
993,1406,1407,1508,1507,1709,1710,1811,1810
994,1407,1408,1509,1508,1710,1711,1812,1811
995,1408,1409,1510,1509,1711,1712,1813,1812
996,1409,1410,1511,1510,1712,1713,1814,1813
997,1410,1411,1512,1511,1713,1714,1815,1814
998,1411,1412,1513,1512,1714,1715,1816,1815
999,1412,1413,1514,1513,1715,1716,1817,1816
1000,1413,1414,1515,1514,1716,1717,1818,1817
1001,1516,1517,1618,1617,1819,1820,1921,1920
1002,1517,1518,1619,1618,1820,1821,1922,1921
1003,1518,1519,1620,1619,1821,1822,1923,1922
1004,1519,1520,1621,1620,1822,1823,1924,1923
1005,1520,1521,1622,1621,1823,1824,1925,1924
1006,1521,1522,1623,1622,1824,1825,1926,1925
1007,1522,1523,1624,1623,1825,1826,1927,1926
1008,1523,1524,1625,1624,1826,1827,1928,1927
1009,1524,1525,1626,1625,1827,1828,1929,1928
1010,1525,1526,1627,1626,1828,1829,1930,1929
1011,1526,1527,1628,1627,1829,1830,1931,1930
1012,1527,1528,1629,1628,1830,1831,1932,1931
1013,1528,1529,1630,1629,1831,1832,1933,1932
1014,1529,1530,1631,1630,1832,1833,1934,1933
1015,1530,1531,1632,1631,1833,1834,1935,1934
1016,1531,1532,1633,1632,1834,1835,1936,1935
1017,1532,1533,1634,1633,1835,1836,1937,1936
1018,1533,1534,1635,1634,1836,1837,1938,1937
1019,1534,1535,1636,1635,1837,1838,1939,1938
1020,1535,1536,1637,1636,1838,1839,1940,1939
1021,1536,1537,1638,1637,1839,1840,1941,1940
1022,1537,1538,1639,1638,1840,1841,1942,1941
1023,1538,1539,1640,1639,1841,1842,1943,1942
1024,1539,1540,1641,1640,1842,1843,1944,1943
1025,1540,1541,1642,1641,1843,1844,1945,1944
1026,1541,1542,1643,1642,1844,1845,1946,1945
1027,1542,1543,1644,1643,1845,1846,1947,1946
1028,1543,1544,1645,1644,1846,1847,1948,1947
1029,1544,1545,1646,1645,1847,1848,1949,1948
1030,1545,1546,1647,1646,1848,1849,1950,1949
1031,1546,1547,1648,1647,1849,1850,1951,1950
1032,1547,1548,1649,1648,1850,1851,1952,1951
1033,1548,1549,1650,1649,1851,1852,1953,1952
1034,1549,1550,1651,1650,1852,1853,1954,1953
1035,1550,1551,1652,1651,1853,1854,1955,1954
1036,1551,1552,1653,1652,1854,1855,1956,1955
1037,1552,1553,1654,1653,1855,1856,1957,1956
1038,1553,1554,1655,1654,1856,1857,1958,1957
1039,1554,1555,1656,1655,1857,1858,1959,1958
1040,1555,1556,1657,1656,1858,1859,1960,1959
1041,1556,1557,1658,1657,1859,1860,1961,1960
1042,1557,1558,1659,1658,1860,1861,1962,1961
1043,1558,1559,1660,1659,1861,1862,1963,1962
1044,1559,1560,1661,1660,1862,1863,1964,1963
1045,1560,1561,1662,1661,1863,1864,1965,1964
1046,1561,1562,1663,1662,1864,1865,1966,1965
1047,1562,1563,1664,1663,1865,1866,1967,1966
1048,1563,1564,1665,1664,1866,1867,1968,1967
1049,1564,1565,1666,1665,1867,1868,1969,1968
1050,1565,1566,1667,1666,1868,1869,1970,1969
1051,1566,1567,1668,1667,1869,1870,1971,1970
1052,1567,1568,1669,1668,1870,1871,1972,1971
1053,1568,1569,1670,1669,1871,1872,1973,1972
1054,1569,1570,1671,1670,1872,1873,1974,1973
1055,1570,1571,1672,1671,1873,1874,1975,1974
1056,1571,1572,1673,1672,1874,1875,1976,1975
1057,1572,1573,1674,1673,1875,1876,1977,1976
1058,1573,1574,1675,1674,1876,1877,1978,1977
1059,1574,1575,1676,1675,1877,1878,1979,1978
1060,1575,1576,1677,1676,1878,1879,1980,1979
1061,1576,1577,1678,1677,1879,1880,1981,1980
1062,1577,1578,1679,1678,1880,1881,1982,1981
1063,1578,1579,1680,1679,1881,1882,1983,1982
1064,1579,1580,1681,1680,1882,1883,1984,1983
1065,1580,1581,1682,1681,1883,1884,1985,1984
1066,1581,1582,1683,1682,1884,1885,1986,1985
1067,1582,1583,1684,1683,1885,1886,1987,1986
1068,1583,1584,1685,1684,1886,1887,1988,1987
1069,1584,1585,1686,1685,1887,1888,1989,1988
1070,1585,1586,1687,1686,1888,1889,1990,1989
1071,1586,1587,1688,1687,1889,1890,1991,1990
1072,1587,1588,1689,1688,1890,1891,1992,1991
1073,1588,1589,1690,1689,1891,1892,1993,1992
1074,1589,1590,1691,1690,1892,1893,1994,1993
1075,1590,1591,1692,1691,1893,1894,1995,1994
1076,1591,1592,1693,1692,1894,1895,1996,1995
1077,1592,1593,1694,1693,1895,1896,1997,1996
1078,1593,1594,1695,1694,1896,1897,1998,1997
1079,1594,1595,1696,1695,1897,1898,1999,1998
1080,1595,1596,1697,1696,1898,1899,2000,1999
1081,1596,1597,1698,1697,1899,1900,2001,2000
1082,1597,1598,1699,1698,1900,1901,2002,2001
1083,1598,1599,1700,1699,1901,1902,2003,2002
1084,1599,1600,1701,1700,1902,1903,2004,2003
1085,1600,1601,1702,1701,1903,1904,2005,2004
1086,1601,1602,1703,1702,1904,1905,2006,2005
1087,1602,1603,1704,1703,1905,1906,2007,2006
1088,1603,1604,1705,1704,1906,1907,2008,2007
1089,1604,1605,1706,1705,1907,1908,2009,2008
1090,1605,1606,1707,1706,1908,1909,2010,2009
1091,1606,1607,1708,1707,1909,1910,2011,2010
1092,1607,1608,1709,1708,1910,1911,2012,2011
1093,1608,1609,1710,1709,1911,1912,2013,2012
1094,1609,1610,1711,1710,1912,1913,2014,2013
1095,1610,1611,1712,1711,1913,1914,2015,2014
1096,1611,1612,1713,1712,1914,1915,2016,2015
1097,1612,1613,1714,1713,1915,1916,2017,2016
1098,1613,1614,1715,1714,1916,1917,2018,2017
1099,1614,1615,1716,1715,1917,1918,2019,2018
1100,1615,1616,1717,1716,1918,1919,2020,2019
1101,1617,1618,1719,1718,1920,1921,2022,2021
1102,1618,1619,1720,1719,1921,1922,2023,2022
1103,1619,1620,1721,1720,1922,1923,2024,2023
1104,1620,1621,1722,1721,1923,1924,2025,2024
1105,1621,1622,1723,1722,1924,1925,2026,2025
1106,1622,1623,1724,1723,1925,1926,2027,2026
1107,1623,1624,1725,1724,1926,1927,2028,2027
1108,1624,1625,1726,1725,1927,1928,2029,2028
1109,1625,1626,1727,1726,1928,1929,2030,2029
1110,1626,1627,1728,1727,1929,1930,2031,2030
1111,1627,1628,1729,1728,1930,1931,2032,2031
1112,1628,1629,1730,1729,1931,1932,2033,2032
1113,1629,1630,1731,1730,1932,1933,2034,2033
1114,1630,1631,1732,1731,1933,1934,2035,2034
1115,1631,1632,1733,1732,1934,1935,2036,2035
1116,1632,1633,1734,1733,1935,1936,2037,2036
1117,1633,1634,1735,1734,1936,1937,2038,2037
1118,1634,1635,1736,1735,1937,1938,2039,2038
1119,1635,1636,1737,1736,1938,1939,2040,2039
1120,1636,1637,1738,1737,1939,1940,2041,2040
1121,1637,1638,1739,1738,1940,1941,2042,2041
1122,1638,1639,1740,1739,1941,1942,2043,2042
1123,1639,1640,1741,1740,1942,1943,2044,2043
1124,1640,1641,1742,1741,1943,1944,2045,2044
1125,1641,1642,1743,1742,1944,1945,2046,2045
1126,1642,1643,1744,1743,1945,1946,2047,2046
1127,1643,1644,1745,1744,1946,1947,2048,2047
1128,1644,1645,1746,1745,1947,1948,2049,2048
1129,1645,1646,1747,1746,1948,1949,2050,2049
1130,1646,1647,1748,1747,1949,1950,2051,2050
1131,1647,1648,1749,1748,1950,1951,2052,2051
1132,1648,1649,1750,1749,1951,1952,2053,2052
1133,1649,1650,1751,1750,1952,1953,2054,2053
1134,1650,1651,1752,1751,1953,1954,2055,2054
1135,1651,1652,1753,1752,1954,1955,2056,2055
1136,1652,1653,1754,1753,1955,1956,2057,2056
1137,1653,1654,1755,1754,1956,1957,2058,2057
1138,1654,1655,1756,1755,1957,1958,2059,2058
1139,1655,1656,1757,1756,1958,1959,2060,2059
1140,1656,1657,1758,1757,1959,1960,2061,2060
1141,1657,1658,1759,1758,1960,1961,2062,2061
1142,1658,1659,1760,1759,1961,1962,2063,2062
1143,1659,1660,1761,1760,1962,1963,2064,2063
1144,1660,1661,1762,1761,1963,1964,2065,2064
1145,1661,1662,1763,1762,1964,1965,2066,2065
1146,1662,1663,1764,1763,1965,1966,2067,2066
1147,1663,1664,1765,1764,1966,1967,2068,2067
1148,1664,1665,1766,1765,1967,1968,2069,2068
1149,1665,1666,1767,1766,1968,1969,2070,2069
1150,1666,1667,1768,1767,1969,1970,2071,2070
1151,1667,1668,1769,1768,1970,1971,2072,2071
1152,1668,1669,1770,1769,1971,1972,2073,2072
1153,1669,1670,1771,1770,1972,1973,2074,2073
1154,1670,1671,1772,1771,1973,1974,2075,2074
1155,1671,1672,1773,1772,1974,1975,2076,2075
1156,1672,1673,1774,1773,1975,1976,2077,2076
1157,1673,1674,1775,1774,1976,1977,2078,2077
1158,1674,1675,1776,1775,1977,1978,2079,2078
1159,1675,1676,1777,1776,1978,1979,2080,2079
1160,1676,1677,1778,1777,1979,1980,2081,2080
1161,1677,1678,1779,1778,1980,1981,2082,2081
1162,1678,1679,1780,1779,1981,1982,2083,2082
1163,1679,1680,1781,1780,1982,1983,2084,2083
1164,1680,1681,1782,1781,1983,1984,2085,2084
1165,1681,1682,1783,1782,1984,1985,2086,2085
1166,1682,1683,1784,1783,1985,1986,2087,2086
1167,1683,1684,1785,1784,1986,1987,2088,2087
1168,1684,1685,1786,1785,1987,1988,2089,2088
1169,1685,1686,1787,1786,1988,1989,2090,2089
1170,1686,1687,1788,1787,1989,1990,2091,2090
1171,1687,1688,1789,1788,1990,1991,2092,2091
1172,1688,1689,1790,1789,1991,1992,2093,2092
1173,1689,1690,1791,1790,1992,1993,2094,2093
1174,1690,1691,1792,1791,1993,1994,2095,2094
1175,1691,1692,1793,1792,1994,1995,2096,2095
1176,1692,1693,1794,1793,1995,1996,2097,2096
1177,1693,1694,1795,1794,1996,1997,2098,2097
1178,1694,1695,1796,1795,1997,1998,2099,2098
1179,1695,1696,1797,1796,1998,1999,2100,2099
1180,1696,1697,1798,1797,1999,2000,2101,2100
1181,1697,1698,1799,1798,2000,2001,2102,2101
1182,1698,1699,1800,1799,2001,2002,2103,2102
1183,1699,1700,1801,1800,2002,2003,2104,2103
1184,1700,1701,1802,1801,2003,2004,2105,2104
1185,1701,1702,1803,1802,2004,2005,2106,2105
1186,1702,1703,1804,1803,2005,2006,2107,2106
1187,1703,1704,1805,1804,2006,2007,2108,2107
1188,1704,1705,1806,1805,2007,2008,2109,2108
1189,1705,1706,1807,1806,2008,2009,2110,2109
1190,1706,1707,1808,1807,2009,2010,2111,2110
1191,1707,1708,1809,1808,2010,2011,2112,2111
1192,1708,1709,1810,1809,2011,2012,2113,2112
1193,1709,1710,1811,1810,2012,2013,2114,2113
1194,1710,1711,1812,1811,2013,2014,2115,2114
1195,1711,1712,1813,1812,2014,2015,2116,2115
1196,1712,1713,1814,1813,2015,2016,2117,2116
1197,1713,1714,1815,1814,2016,2017,2118,2117
1198,1714,1715,1816,1815,2017,2018,2119,2118
1199,1715,1716,1817,1816,2018,2019,2120,2119
1200,1716,1717,1818,1817,2019,2020,2121,2120
1201,1819,1820,1921,1920,2122,2123,2224,2223
1202,1820,1821,1922,1921,2123,2124,2225,2224
1203,1821,1822,1923,1922,2124,2125,2226,2225
1204,1822,1823,1924,1923,2125,2126,2227,2226
1205,1823,1824,1925,1924,2126,2127,2228,2227
1206,1824,1825,1926,1925,2127,2128,2229,2228
1207,1825,1826,1927,1926,2128,2129,2230,2229
1208,1826,1827,1928,1927,2129,2130,2231,2230
1209,1827,1828,1929,1928,2130,2131,2232,2231
1210,1828,1829,1930,1929,2131,2132,2233,2232
1211,1829,1830,1931,1930,2132,2133,2234,2233
1212,1830,1831,1932,1931,2133,2134,2235,2234
1213,1831,1832,1933,1932,2134,2135,2236,2235
1214,1832,1833,1934,1933,2135,2136,2237,2236
1215,1833,1834,1935,1934,2136,2137,2238,2237
1216,1834,1835,1936,1935,2137,2138,2239,2238
1217,1835,1836,1937,1936,2138,2139,2240,2239
1218,1836,1837,1938,1937,2139,2140,2241,2240
1219,1837,1838,1939,1938,2140,2141,2242,2241
1220,1838,1839,1940,1939,2141,2142,2243,2242
1221,1839,1840,1941,1940,2142,2143,2244,2243
1222,1840,1841,1942,1941,2143,2144,2245,2244
1223,1841,1842,1943,1942,2144,2145,2246,2245
1224,1842,1843,1944,1943,2145,2146,2247,2246
1225,1843,1844,1945,1944,2146,2147,2248,2247
1226,1844,1845,1946,1945,2147,2148,2249,2248
1227,1845,1846,1947,1946,2148,2149,2250,2249
1228,1846,1847,1948,1947,2149,2150,2251,2250
1229,1847,1848,1949,1948,2150,2151,2252,2251
1230,1848,1849,1950,1949,2151,2152,2253,2252
1231,1849,1850,1951,1950,2152,2153,2254,2253
1232,1850,1851,1952,1951,2153,2154,2255,2254
1233,1851,1852,1953,1952,2154,2155,2256,2255
1234,1852,1853,1954,1953,2155,2156,2257,2256
1235,1853,1854,1955,1954,2156,2157,2258,2257
1236,1854,1855,1956,1955,2157,2158,2259,2258
1237,1855,1856,1957,1956,2158,2159,2260,2259
1238,1856,1857,1958,1957,2159,2160,2261,2260
1239,1857,1858,1959,1958,2160,2161,2262,2261
1240,1858,1859,1960,1959,2161,2162,2263,2262
1241,1859,1860,1961,1960,2162,2163,2264,2263
1242,1860,1861,1962,1961,2163,2164,2265,2264
1243,1861,1862,1963,1962,2164,2165,2266,2265
1244,1862,1863,1964,1963,2165,2166,2267,2266
1245,1863,1864,1965,1964,2166,2167,2268,2267
1246,1864,1865,1966,1965,2167,2168,2269,2268
1247,1865,1866,1967,1966,2168,2169,2270,2269
1248,1866,1867,1968,1967,2169,2170,2271,2270
1249,1867,1868,1969,1968,2170,2171,2272,2271
1250,1868,1869,1970,1969,2171,2172,2273,2272
1251,1869,1870,1971,1970,2172,2173,2274,2273
1252,1870,1871,1972,1971,2173,2174,2275,2274
1253,1871,1872,1973,1972,2174,2175,2276,2275
1254,1872,1873,1974,1973,2175,2176,2277,2276
1255,1873,1874,1975,1974,2176,2177,2278,2277
1256,1874,1875,1976,1975,2177,2178,2279,2278
1257,1875,1876,1977,1976,2178,2179,2280,2279
1258,1876,1877,1978,1977,2179,2180,2281,2280
1259,1877,1878,1979,1978,2180,2181,2282,2281
1260,1878,1879,1980,1979,2181,2182,2283,2282
1261,1879,1880,1981,1980,2182,2183,2284,2283
1262,1880,1881,1982,1981,2183,2184,2285,2284
1263,1881,1882,1983,1982,2184,2185,2286,2285
1264,1882,1883,1984,1983,2185,2186,2287,2286
1265,1883,1884,1985,1984,2186,2187,2288,2287
1266,1884,1885,1986,1985,2187,2188,2289,2288
1267,1885,1886,1987,1986,2188,2189,2290,2289
1268,1886,1887,1988,1987,2189,2190,2291,2290
1269,1887,1888,1989,1988,2190,2191,2292,2291
1270,1888,1889,1990,1989,2191,2192,2293,2292
1271,1889,1890,1991,1990,2192,2193,2294,2293
1272,1890,1891,1992,1991,2193,2194,2295,2294
1273,1891,1892,1993,1992,2194,2195,2296,2295
1274,1892,1893,1994,1993,2195,2196,2297,2296
1275,1893,1894,1995,1994,2196,2197,2298,2297
1276,1894,1895,1996,1995,2197,2198,2299,2298
1277,1895,1896,1997,1996,2198,2199,2300,2299
1278,1896,1897,1998,1997,2199,2200,2301,2300
1279,1897,1898,1999,1998,2200,2201,2302,2301
1280,1898,1899,2000,1999,2201,2202,2303,2302
1281,1899,1900,2001,2000,2202,2203,2304,2303
1282,1900,1901,2002,2001,2203,2204,2305,2304
1283,1901,1902,2003,2002,2204,2205,2306,2305
1284,1902,1903,2004,2003,2205,2206,2307,2306
1285,1903,1904,2005,2004,2206,2207,2308,2307
1286,1904,1905,2006,2005,2207,2208,2309,2308
1287,1905,1906,2007,2006,2208,2209,2310,2309
1288,1906,1907,2008,2007,2209,2210,2311,2310
1289,1907,1908,2009,2008,2210,2211,2312,2311
1290,1908,1909,2010,2009,2211,2212,2313,2312
1291,1909,1910,2011,2010,2212,2213,2314,2313
1292,1910,1911,2012,2011,2213,2214,2315,2314
1293,1911,1912,2013,2012,2214,2215,2316,2315
1294,1912,1913,2014,2013,2215,2216,2317,2316
1295,1913,1914,2015,2014,2216,2217,2318,2317
1296,1914,1915,2016,2015,2217,2218,2319,2318
1297,1915,1916,2017,2016,2218,2219,2320,2319
1298,1916,1917,2018,2017,2219,2220,2321,2320
1299,1917,1918,2019,2018,2220,2221,2322,2321
1300,1918,1919,2020,2019,2221,2222,2323,2322
1301,1920,1921,2022,2021,2223,2224,2325,2324
1302,1921,1922,2023,2022,2224,2225,2326,2325
1303,1922,1923,2024,2023,2225,2226,2327,2326
1304,1923,1924,2025,2024,2226,2227,2328,2327
1305,1924,1925,2026,2025,2227,2228,2329,2328
1306,1925,1926,2027,2026,2228,2229,2330,2329
1307,1926,1927,2028,2027,2229,2230,2331,2330
1308,1927,1928,2029,2028,2230,2231,2332,2331
1309,1928,1929,2030,2029,2231,2232,2333,2332
1310,1929,1930,2031,2030,2232,2233,2334,2333
1311,1930,1931,2032,2031,2233,2234,2335,2334
1312,1931,1932,2033,2032,2234,2235,2336,2335
1313,1932,1933,2034,2033,2235,2236,2337,2336
1314,1933,1934,2035,2034,2236,2237,2338,2337
1315,1934,1935,2036,2035,2237,2238,2339,2338
1316,1935,1936,2037,2036,2238,2239,2340,2339
1317,1936,1937,2038,2037,2239,2240,2341,2340
1318,1937,1938,2039,2038,2240,2241,2342,2341
1319,1938,1939,2040,2039,2241,2242,2343,2342
1320,1939,1940,2041,2040,2242,2243,2344,2343
1321,1940,1941,2042,2041,2243,2244,2345,2344
1322,1941,1942,2043,2042,2244,2245,2346,2345
1323,1942,1943,2044,2043,2245,2246,2347,2346
1324,1943,1944,2045,2044,2246,2247,2348,2347
1325,1944,1945,2046,2045,2247,2248,2349,2348
1326,1945,1946,2047,2046,2248,2249,2350,2349
1327,1946,1947,2048,2047,2249,2250,2351,2350
1328,1947,1948,2049,2048,2250,2251,2352,2351
1329,1948,1949,2050,2049,2251,2252,2353,2352
1330,1949,1950,2051,2050,2252,2253,2354,2353
1331,1950,1951,2052,2051,2253,2254,2355,2354
1332,1951,1952,2053,2052,2254,2255,2356,2355
1333,1952,1953,2054,2053,2255,2256,2357,2356
1334,1953,1954,2055,2054,2256,2257,2358,2357
1335,1954,1955,2056,2055,2257,2258,2359,2358
1336,1955,1956,2057,2056,2258,2259,2360,2359
1337,1956,1957,2058,2057,2259,2260,2361,2360
1338,1957,1958,2059,2058,2260,2261,2362,2361
1339,1958,1959,2060,2059,2261,2262,2363,2362
1340,1959,1960,2061,2060,2262,2263,2364,2363
1341,1960,1961,2062,2061,2263,2264,2365,2364
1342,1961,1962,2063,2062,2264,2265,2366,2365
1343,1962,1963,2064,2063,2265,2266,2367,2366
1344,1963,1964,2065,2064,2266,2267,2368,2367
1345,1964,1965,2066,2065,2267,2268,2369,2368
1346,1965,1966,2067,2066,2268,2269,2370,2369
1347,1966,1967,2068,2067,2269,2270,2371,2370
1348,1967,1968,2069,2068,2270,2271,2372,2371
1349,1968,1969,2070,2069,2271,2272,2373,2372
1350,1969,1970,2071,2070,2272,2273,2374,2373
1351,1970,1971,2072,2071,2273,2274,2375,2374
1352,1971,1972,2073,2072,2274,2275,2376,2375
1353,1972,1973,2074,2073,2275,2276,2377,2376
1354,1973,1974,2075,2074,2276,2277,2378,2377
1355,1974,1975,2076,2075,2277,2278,2379,2378
1356,1975,1976,2077,2076,2278,2279,2380,2379
1357,1976,1977,2078,2077,2279,2280,2381,2380
1358,1977,1978,2079,2078,2280,2281,2382,2381
1359,1978,1979,2080,2079,2281,2282,2383,2382
1360,1979,1980,2081,2080,2282,2283,2384,2383
1361,1980,1981,2082,2081,2283,2284,2385,2384
1362,1981,1982,2083,2082,2284,2285,2386,2385
1363,1982,1983,2084,2083,2285,2286,2387,2386
1364,1983,1984,2085,2084,2286,2287,2388,2387
1365,1984,1985,2086,2085,2287,2288,2389,2388
1366,1985,1986,2087,2086,2288,2289,2390,2389
1367,1986,1987,2088,2087,2289,2290,2391,2390
1368,1987,1988,2089,2088,2290,2291,2392,2391
1369,1988,1989,2090,2089,2291,2292,2393,2392
1370,1989,1990,2091,2090,2292,2293,2394,2393
1371,1990,1991,2092,2091,2293,2294,2395,2394
1372,1991,1992,2093,2092,2294,2295,2396,2395
1373,1992,1993,2094,2093,2295,2296,2397,2396
1374,1993,1994,2095,2094,2296,2297,2398,2397
1375,1994,1995,2096,2095,2297,2298,2399,2398
1376,1995,1996,2097,2096,2298,2299,2400,2399
1377,1996,1997,2098,2097,2299,2300,2401,2400
1378,1997,1998,2099,2098,2300,2301,2402,2401
1379,1998,1999,2100,2099,2301,2302,2403,2402
1380,1999,2000,2101,2100,2302,2303,2404,2403
1381,2000,2001,2102,2101,2303,2304,2405,2404
1382,2001,2002,2103,2102,2304,2305,2406,2405
1383,2002,2003,2104,2103,2305,2306,2407,2406
1384,2003,2004,2105,2104,2306,2307,2408,2407
1385,2004,2005,2106,2105,2307,2308,2409,2408
1386,2005,2006,2107,2106,2308,2309,2410,2409
1387,2006,2007,2108,2107,2309,2310,2411,2410
1388,2007,2008,2109,2108,2310,2311,2412,2411
1389,2008,2009,2110,2109,2311,2312,2413,2412
1390,2009,2010,2111,2110,2312,2313,2414,2413
1391,2010,2011,2112,2111,2313,2314,2415,2414
1392,2011,2012,2113,2112,2314,2315,2416,2415
1393,2012,2013,2114,2113,2315,2316,2417,2416
1394,2013,2014,2115,2114,2316,2317,2418,2417
1395,2014,2015,2116,2115,2317,2318,2419,2418
1396,2015,2016,2117,2116,2318,2319,2420,2419
1397,2016,2017,2118,2117,2319,2320,2421,2420
1398,2017,2018,2119,2118,2320,2321,2422,2421
1399,2018,2019,2120,2119,2321,2322,2423,2422
1400,2019,2020,2121,2120,2322,2323,2424,2423
1401,2122,2123,2224,2223,2425,2426,2527,2526
1402,2123,2124,2225,2224,2426,2427,2528,2527
1403,2124,2125,2226,2225,2427,2428,2529,2528
1404,2125,2126,2227,2226,2428,2429,2530,2529
1405,2126,2127,2228,2227,2429,2430,2531,2530
1406,2127,2128,2229,2228,2430,2431,2532,2531
1407,2128,2129,2230,2229,2431,2432,2533,2532
1408,2129,2130,2231,2230,2432,2433,2534,2533
1409,2130,2131,2232,2231,2433,2434,2535,2534
1410,2131,2132,2233,2232,2434,2435,2536,2535
1411,2132,2133,2234,2233,2435,2436,2537,2536
1412,2133,2134,2235,2234,2436,2437,2538,2537
1413,2134,2135,2236,2235,2437,2438,2539,2538
1414,2135,2136,2237,2236,2438,2439,2540,2539
1415,2136,2137,2238,2237,2439,2440,2541,2540
1416,2137,2138,2239,2238,2440,2441,2542,2541
1417,2138,2139,2240,2239,2441,2442,2543,2542
1418,2139,2140,2241,2240,2442,2443,2544,2543
1419,2140,2141,2242,2241,2443,2444,2545,2544
1420,2141,2142,2243,2242,2444,2445,2546,2545
1421,2142,2143,2244,2243,2445,2446,2547,2546
1422,2143,2144,2245,2244,2446,2447,2548,2547
1423,2144,2145,2246,2245,2447,2448,2549,2548
1424,2145,2146,2247,2246,2448,2449,2550,2549
1425,2146,2147,2248,2247,2449,2450,2551,2550
1426,2147,2148,2249,2248,2450,2451,2552,2551
1427,2148,2149,2250,2249,2451,2452,2553,2552
1428,2149,2150,2251,2250,2452,2453,2554,2553
1429,2150,2151,2252,2251,2453,2454,2555,2554
1430,2151,2152,2253,2252,2454,2455,2556,2555
1431,2152,2153,2254,2253,2455,2456,2557,2556
1432,2153,2154,2255,2254,2456,2457,2558,2557
1433,2154,2155,2256,2255,2457,2458,2559,2558
1434,2155,2156,2257,2256,2458,2459,2560,2559
1435,2156,2157,2258,2257,2459,2460,2561,2560
1436,2157,2158,2259,2258,2460,2461,2562,2561
1437,2158,2159,2260,2259,2461,2462,2563,2562
1438,2159,2160,2261,2260,2462,2463,2564,2563
1439,2160,2161,2262,2261,2463,2464,2565,2564
1440,2161,2162,2263,2262,2464,2465,2566,2565
1441,2162,2163,2264,2263,2465,2466,2567,2566
1442,2163,2164,2265,2264,2466,2467,2568,2567
1443,2164,2165,2266,2265,2467,2468,2569,2568
1444,2165,2166,2267,2266,2468,2469,2570,2569
1445,2166,2167,2268,2267,2469,2470,2571,2570
1446,2167,2168,2269,2268,2470,2471,2572,2571
1447,2168,2169,2270,2269,2471,2472,2573,2572
1448,2169,2170,2271,2270,2472,2473,2574,2573
1449,2170,2171,2272,2271,2473,2474,2575,2574
1450,2171,2172,2273,2272,2474,2475,2576,2575
1451,2172,2173,2274,2273,2475,2476,2577,2576
1452,2173,2174,2275,2274,2476,2477,2578,2577
1453,2174,2175,2276,2275,2477,2478,2579,2578
1454,2175,2176,2277,2276,2478,2479,2580,2579
1455,2176,2177,2278,2277,2479,2480,2581,2580
1456,2177,2178,2279,2278,2480,2481,2582,2581
1457,2178,2179,2280,2279,2481,2482,2583,2582
1458,2179,2180,2281,2280,2482,2483,2584,2583
1459,2180,2181,2282,2281,2483,2484,2585,2584
1460,2181,2182,2283,2282,2484,2485,2586,2585
1461,2182,2183,2284,2283,2485,2486,2587,2586
1462,2183,2184,2285,2284,2486,2487,2588,2587
1463,2184,2185,2286,2285,2487,2488,2589,2588
1464,2185,2186,2287,2286,2488,2489,2590,2589
1465,2186,2187,2288,2287,2489,2490,2591,2590
1466,2187,2188,2289,2288,2490,2491,2592,2591
1467,2188,2189,2290,2289,2491,2492,2593,2592
1468,2189,2190,2291,2290,2492,2493,2594,2593
1469,2190,2191,2292,2291,2493,2494,2595,2594
1470,2191,2192,2293,2292,2494,2495,2596,2595
1471,2192,2193,2294,2293,2495,2496,2597,2596
1472,2193,2194,2295,2294,2496,2497,2598,2597
1473,2194,2195,2296,2295,2497,2498,2599,2598
1474,2195,2196,2297,2296,2498,2499,2600,2599
1475,2196,2197,2298,2297,2499,2500,2601,2600
1476,2197,2198,2299,2298,2500,2501,2602,2601
1477,2198,2199,2300,2299,2501,2502,2603,2602
1478,2199,2200,2301,2300,2502,2503,2604,2603
1479,2200,2201,2302,2301,2503,2504,2605,2604
1480,2201,2202,2303,2302,2504,2505,2606,2605
1481,2202,2203,2304,2303,2505,2506,2607,2606
1482,2203,2204,2305,2304,2506,2507,2608,2607
1483,2204,2205,2306,2305,2507,2508,2609,2608
1484,2205,2206,2307,2306,2508,2509,2610,2609
1485,2206,2207,2308,2307,2509,2510,2611,2610
1486,2207,2208,2309,2308,2510,2511,2612,2611
1487,2208,2209,2310,2309,2511,2512,2613,2612
1488,2209,2210,2311,2310,2512,2513,2614,2613
1489,2210,2211,2312,2311,2513,2514,2615,2614
1490,2211,2212,2313,2312,2514,2515,2616,2615
1491,2212,2213,2314,2313,2515,2516,2617,2616
1492,2213,2214,2315,2314,2516,2517,2618,2617
1493,2214,2215,2316,2315,2517,2518,2619,2618
1494,2215,2216,2317,2316,2518,2519,2620,2619
1495,2216,2217,2318,2317,2519,2520,2621,2620
1496,2217,2218,2319,2318,2520,2521,2622,2621
1497,2218,2219,2320,2319,2521,2522,2623,2622
1498,2219,2220,2321,2320,2522,2523,2624,2623
1499,2220,2221,2322,2321,2523,2524,2625,2624
1500,2221,2222,2323,2322,2524,2525,2626,2625
1501,2223,2224,2325,2324,2526,2527,2628,2627
1502,2224,2225,2326,2325,2527,2528,2629,2628
1503,2225,2226,2327,2326,2528,2529,2630,2629
1504,2226,2227,2328,2327,2529,2530,2631,2630
1505,2227,2228,2329,2328,2530,2531,2632,2631
1506,2228,2229,2330,2329,2531,2532,2633,2632
1507,2229,2230,2331,2330,2532,2533,2634,2633
1508,2230,2231,2332,2331,2533,2534,2635,2634
1509,2231,2232,2333,2332,2534,2535,2636,2635
1510,2232,2233,2334,2333,2535,2536,2637,2636
1511,2233,2234,2335,2334,2536,2537,2638,2637
1512,2234,2235,2336,2335,2537,2538,2639,2638
1513,2235,2236,2337,2336,2538,2539,2640,2639
1514,2236,2237,2338,2337,2539,2540,2641,2640
1515,2237,2238,2339,2338,2540,2541,2642,2641
1516,2238,2239,2340,2339,2541,2542,2643,2642
1517,2239,2240,2341,2340,2542,2543,2644,2643
1518,2240,2241,2342,2341,2543,2544,2645,2644
1519,2241,2242,2343,2342,2544,2545,2646,2645
1520,2242,2243,2344,2343,2545,2546,2647,2646
1521,2243,2244,2345,2344,2546,2547,2648,2647
1522,2244,2245,2346,2345,2547,2548,2649,2648
1523,2245,2246,2347,2346,2548,2549,2650,2649
1524,2246,2247,2348,2347,2549,2550,2651,2650
1525,2247,2248,2349,2348,2550,2551,2652,2651
1526,2248,2249,2350,2349,2551,2552,2653,2652
1527,2249,2250,2351,2350,2552,2553,2654,2653
1528,2250,2251,2352,2351,2553,2554,2655,2654
1529,2251,2252,2353,2352,2554,2555,2656,2655
1530,2252,2253,2354,2353,2555,2556,2657,2656
1531,2253,2254,2355,2354,2556,2557,2658,2657
1532,2254,2255,2356,2355,2557,2558,2659,2658
1533,2255,2256,2357,2356,2558,2559,2660,2659
1534,2256,2257,2358,2357,2559,2560,2661,2660
1535,2257,2258,2359,2358,2560,2561,2662,2661
1536,2258,2259,2360,2359,2561,2562,2663,2662
1537,2259,2260,2361,2360,2562,2563,2664,2663
1538,2260,2261,2362,2361,2563,2564,2665,2664
1539,2261,2262,2363,2362,2564,2565,2666,2665
1540,2262,2263,2364,2363,2565,2566,2667,2666
1541,2263,2264,2365,2364,2566,2567,2668,2667
1542,2264,2265,2366,2365,2567,2568,2669,2668
1543,2265,2266,2367,2366,2568,2569,2670,2669
1544,2266,2267,2368,2367,2569,2570,2671,2670
1545,2267,2268,2369,2368,2570,2571,2672,2671
1546,2268,2269,2370,2369,2571,2572,2673,2672
1547,2269,2270,2371,2370,2572,2573,2674,2673
1548,2270,2271,2372,2371,2573,2574,2675,2674
1549,2271,2272,2373,2372,2574,2575,2676,2675
1550,2272,2273,2374,2373,2575,2576,2677,2676
1551,2273,2274,2375,2374,2576,2577,2678,2677
1552,2274,2275,2376,2375,2577,2578,2679,2678
1553,2275,2276,2377,2376,2578,2579,2680,2679
1554,2276,2277,2378,2377,2579,2580,2681,2680
1555,2277,2278,2379,2378,2580,2581,2682,2681
1556,2278,2279,2380,2379,2581,2582,2683,2682
1557,2279,2280,2381,2380,2582,2583,2684,2683
1558,2280,2281,2382,2381,2583,2584,2685,2684
1559,2281,2282,2383,2382,2584,2585,2686,2685
1560,2282,2283,2384,2383,2585,2586,2687,2686
1561,2283,2284,2385,2384,2586,2587,2688,2687
1562,2284,2285,2386,2385,2587,2588,2689,2688
1563,2285,2286,2387,2386,2588,2589,2690,2689
1564,2286,2287,2388,2387,2589,2590,2691,2690
1565,2287,2288,2389,2388,2590,2591,2692,2691
1566,2288,2289,2390,2389,2591,2592,2693,2692
1567,2289,2290,2391,2390,2592,2593,2694,2693
1568,2290,2291,2392,2391,2593,2594,2695,2694
1569,2291,2292,2393,2392,2594,2595,2696,2695
1570,2292,2293,2394,2393,2595,2596,2697,2696
1571,2293,2294,2395,2394,2596,2597,2698,2697
1572,2294,2295,2396,2395,2597,2598,2699,2698
1573,2295,2296,2397,2396,2598,2599,2700,2699
1574,2296,2297,2398,2397,2599,2600,2701,2700
1575,2297,2298,2399,2398,2600,2601,2702,2701
1576,2298,2299,2400,2399,2601,2602,2703,2702
1577,2299,2300,2401,2400,2602,2603,2704,2703
1578,2300,2301,2402,2401,2603,2604,2705,2704
1579,2301,2302,2403,2402,2604,2605,2706,2705
1580,2302,2303,2404,2403,2605,2606,2707,2706
1581,2303,2304,2405,2404,2606,2607,2708,2707
1582,2304,2305,2406,2405,2607,2608,2709,2708
1583,2305,2306,2407,2406,2608,2609,2710,2709
1584,2306,2307,2408,2407,2609,2610,2711,2710
1585,2307,2308,2409,2408,2610,2611,2712,2711
1586,2308,2309,2410,2409,2611,2612,2713,2712
1587,2309,2310,2411,2410,2612,2613,2714,2713
1588,2310,2311,2412,2411,2613,2614,2715,2714
1589,2311,2312,2413,2412,2614,2615,2716,2715
1590,2312,2313,2414,2413,2615,2616,2717,2716
1591,2313,2314,2415,2414,2616,2617,2718,2717
1592,2314,2315,2416,2415,2617,2618,2719,2718
1593,2315,2316,2417,2416,2618,2619,2720,2719
1594,2316,2317,2418,2417,2619,2620,2721,2720
1595,2317,2318,2419,2418,2620,2621,2722,2721
1596,2318,2319,2420,2419,2621,2622,2723,2722
1597,2319,2320,2421,2420,2622,2623,2724,2723
1598,2320,2321,2422,2421,2623,2624,2725,2724
1599,2321,2322,2423,2422,2624,2625,2726,2725
1600,2322,2323,2424,2423,2625,2626,2727,2726
1601,2425,2426,2527,2526,2728,2729,2830,2829
1602,2426,2427,2528,2527,2729,2730,2831,2830
1603,2427,2428,2529,2528,2730,2731,2832,2831
1604,2428,2429,2530,2529,2731,2732,2833,2832
1605,2429,2430,2531,2530,2732,2733,2834,2833
1606,2430,2431,2532,2531,2733,2734,2835,2834
1607,2431,2432,2533,2532,2734,2735,2836,2835
1608,2432,2433,2534,2533,2735,2736,2837,2836
1609,2433,2434,2535,2534,2736,2737,2838,2837
1610,2434,2435,2536,2535,2737,2738,2839,2838
1611,2435,2436,2537,2536,2738,2739,2840,2839
1612,2436,2437,2538,2537,2739,2740,2841,2840
1613,2437,2438,2539,2538,2740,2741,2842,2841
1614,2438,2439,2540,2539,2741,2742,2843,2842
1615,2439,2440,2541,2540,2742,2743,2844,2843
1616,2440,2441,2542,2541,2743,2744,2845,2844
1617,2441,2442,2543,2542,2744,2745,2846,2845
1618,2442,2443,2544,2543,2745,2746,2847,2846
1619,2443,2444,2545,2544,2746,2747,2848,2847
1620,2444,2445,2546,2545,2747,2748,2849,2848
1621,2445,2446,2547,2546,2748,2749,2850,2849
1622,2446,2447,2548,2547,2749,2750,2851,2850
1623,2447,2448,2549,2548,2750,2751,2852,2851
1624,2448,2449,2550,2549,2751,2752,2853,2852
1625,2449,2450,2551,2550,2752,2753,2854,2853
1626,2450,2451,2552,2551,2753,2754,2855,2854
1627,2451,2452,2553,2552,2754,2755,2856,2855
1628,2452,2453,2554,2553,2755,2756,2857,2856
1629,2453,2454,2555,2554,2756,2757,2858,2857
1630,2454,2455,2556,2555,2757,2758,2859,2858
1631,2455,2456,2557,2556,2758,2759,2860,2859
1632,2456,2457,2558,2557,2759,2760,2861,2860
1633,2457,2458,2559,2558,2760,2761,2862,2861
1634,2458,2459,2560,2559,2761,2762,2863,2862
1635,2459,2460,2561,2560,2762,2763,2864,2863
1636,2460,2461,2562,2561,2763,2764,2865,2864
1637,2461,2462,2563,2562,2764,2765,2866,2865
1638,2462,2463,2564,2563,2765,2766,2867,2866
1639,2463,2464,2565,2564,2766,2767,2868,2867
1640,2464,2465,2566,2565,2767,2768,2869,2868
1641,2465,2466,2567,2566,2768,2769,2870,2869
1642,2466,2467,2568,2567,2769,2770,2871,2870
1643,2467,2468,2569,2568,2770,2771,2872,2871
1644,2468,2469,2570,2569,2771,2772,2873,2872
1645,2469,2470,2571,2570,2772,2773,2874,2873
1646,2470,2471,2572,2571,2773,2774,2875,2874
1647,2471,2472,2573,2572,2774,2775,2876,2875
1648,2472,2473,2574,2573,2775,2776,2877,2876
1649,2473,2474,2575,2574,2776,2777,2878,2877
1650,2474,2475,2576,2575,2777,2778,2879,2878
1651,2475,2476,2577,2576,2778,2779,2880,2879
1652,2476,2477,2578,2577,2779,2780,2881,2880
1653,2477,2478,2579,2578,2780,2781,2882,2881
1654,2478,2479,2580,2579,2781,2782,2883,2882
1655,2479,2480,2581,2580,2782,2783,2884,2883
1656,2480,2481,2582,2581,2783,2784,2885,2884
1657,2481,2482,2583,2582,2784,2785,2886,2885
1658,2482,2483,2584,2583,2785,2786,2887,2886
1659,2483,2484,2585,2584,2786,2787,2888,2887
1660,2484,2485,2586,2585,2787,2788,2889,2888
1661,2485,2486,2587,2586,2788,2789,2890,2889
1662,2486,2487,2588,2587,2789,2790,2891,2890
1663,2487,2488,2589,2588,2790,2791,2892,2891
1664,2488,2489,2590,2589,2791,2792,2893,2892
1665,2489,2490,2591,2590,2792,2793,2894,2893
1666,2490,2491,2592,2591,2793,2794,2895,2894
1667,2491,2492,2593,2592,2794,2795,2896,2895
1668,2492,2493,2594,2593,2795,2796,2897,2896
1669,2493,2494,2595,2594,2796,2797,2898,2897
1670,2494,2495,2596,2595,2797,2798,2899,2898
1671,2495,2496,2597,2596,2798,2799,2900,2899
1672,2496,2497,2598,2597,2799,2800,2901,2900
1673,2497,2498,2599,2598,2800,2801,2902,2901
1674,2498,2499,2600,2599,2801,2802,2903,2902
1675,2499,2500,2601,2600,2802,2803,2904,2903
1676,2500,2501,2602,2601,2803,2804,2905,2904
1677,2501,2502,2603,2602,2804,2805,2906,2905
1678,2502,2503,2604,2603,2805,2806,2907,2906
1679,2503,2504,2605,2604,2806,2807,2908,2907
1680,2504,2505,2606,2605,2807,2808,2909,2908
1681,2505,2506,2607,2606,2808,2809,2910,2909
1682,2506,2507,2608,2607,2809,2810,2911,2910
1683,2507,2508,2609,2608,2810,2811,2912,2911
1684,2508,2509,2610,2609,2811,2812,2913,2912
1685,2509,2510,2611,2610,2812,2813,2914,2913
1686,2510,2511,2612,2611,2813,2814,2915,2914
1687,2511,2512,2613,2612,2814,2815,2916,2915
1688,2512,2513,2614,2613,2815,2816,2917,2916
1689,2513,2514,2615,2614,2816,2817,2918,2917
1690,2514,2515,2616,2615,2817,2818,2919,2918
1691,2515,2516,2617,2616,2818,2819,2920,2919
1692,2516,2517,2618,2617,2819,2820,2921,2920
1693,2517,2518,2619,2618,2820,2821,2922,2921
1694,2518,2519,2620,2619,2821,2822,2923,2922
1695,2519,2520,2621,2620,2822,2823,2924,2923
1696,2520,2521,2622,2621,2823,2824,2925,2924
1697,2521,2522,2623,2622,2824,2825,2926,2925
1698,2522,2523,2624,2623,2825,2826,2927,2926
1699,2523,2524,2625,2624,2826,2827,2928,2927
1700,2524,2525,2626,2625,2827,2828,2929,2928
1701,2526,2527,2628,2627,2829,2830,2931,2930
1702,2527,2528,2629,2628,2830,2831,2932,2931
1703,2528,2529,2630,2629,2831,2832,2933,2932
1704,2529,2530,2631,2630,2832,2833,2934,2933
1705,2530,2531,2632,2631,2833,2834,2935,2934
1706,2531,2532,2633,2632,2834,2835,2936,2935
1707,2532,2533,2634,2633,2835,2836,2937,2936
1708,2533,2534,2635,2634,2836,2837,2938,2937
1709,2534,2535,2636,2635,2837,2838,2939,2938
1710,2535,2536,2637,2636,2838,2839,2940,2939
1711,2536,2537,2638,2637,2839,2840,2941,2940
1712,2537,2538,2639,2638,2840,2841,2942,2941
1713,2538,2539,2640,2639,2841,2842,2943,2942
1714,2539,2540,2641,2640,2842,2843,2944,2943
1715,2540,2541,2642,2641,2843,2844,2945,2944
1716,2541,2542,2643,2642,2844,2845,2946,2945
1717,2542,2543,2644,2643,2845,2846,2947,2946
1718,2543,2544,2645,2644,2846,2847,2948,2947
1719,2544,2545,2646,2645,2847,2848,2949,2948
1720,2545,2546,2647,2646,2848,2849,2950,2949
1721,2546,2547,2648,2647,2849,2850,2951,2950
1722,2547,2548,2649,2648,2850,2851,2952,2951
1723,2548,2549,2650,2649,2851,2852,2953,2952
1724,2549,2550,2651,2650,2852,2853,2954,2953
1725,2550,2551,2652,2651,2853,2854,2955,2954
1726,2551,2552,2653,2652,2854,2855,2956,2955
1727,2552,2553,2654,2653,2855,2856,2957,2956
1728,2553,2554,2655,2654,2856,2857,2958,2957
1729,2554,2555,2656,2655,2857,2858,2959,2958
1730,2555,2556,2657,2656,2858,2859,2960,2959
1731,2556,2557,2658,2657,2859,2860,2961,2960
1732,2557,2558,2659,2658,2860,2861,2962,2961
1733,2558,2559,2660,2659,2861,2862,2963,2962
1734,2559,2560,2661,2660,2862,2863,2964,2963
1735,2560,2561,2662,2661,2863,2864,2965,2964
1736,2561,2562,2663,2662,2864,2865,2966,2965
1737,2562,2563,2664,2663,2865,2866,2967,2966
1738,2563,2564,2665,2664,2866,2867,2968,2967
1739,2564,2565,2666,2665,2867,2868,2969,2968
1740,2565,2566,2667,2666,2868,2869,2970,2969
1741,2566,2567,2668,2667,2869,2870,2971,2970
1742,2567,2568,2669,2668,2870,2871,2972,2971
1743,2568,2569,2670,2669,2871,2872,2973,2972
1744,2569,2570,2671,2670,2872,2873,2974,2973
1745,2570,2571,2672,2671,2873,2874,2975,2974
1746,2571,2572,2673,2672,2874,2875,2976,2975
1747,2572,2573,2674,2673,2875,2876,2977,2976
1748,2573,2574,2675,2674,2876,2877,2978,2977
1749,2574,2575,2676,2675,2877,2878,2979,2978
1750,2575,2576,2677,2676,2878,2879,2980,2979
1751,2576,2577,2678,2677,2879,2880,2981,2980
1752,2577,2578,2679,2678,2880,2881,2982,2981
1753,2578,2579,2680,2679,2881,2882,2983,2982
1754,2579,2580,2681,2680,2882,2883,2984,2983
1755,2580,2581,2682,2681,2883,2884,2985,2984
1756,2581,2582,2683,2682,2884,2885,2986,2985
1757,2582,2583,2684,2683,2885,2886,2987,2986
1758,2583,2584,2685,2684,2886,2887,2988,2987
1759,2584,2585,2686,2685,2887,2888,2989,2988
1760,2585,2586,2687,2686,2888,2889,2990,2989
1761,2586,2587,2688,2687,2889,2890,2991,2990
1762,2587,2588,2689,2688,2890,2891,2992,2991
1763,2588,2589,2690,2689,2891,2892,2993,2992
1764,2589,2590,2691,2690,2892,2893,2994,2993
1765,2590,2591,2692,2691,2893,2894,2995,2994
1766,2591,2592,2693,2692,2894,2895,2996,2995
1767,2592,2593,2694,2693,2895,2896,2997,2996
1768,2593,2594,2695,2694,2896,2897,2998,2997
1769,2594,2595,2696,2695,2897,2898,2999,2998
1770,2595,2596,2697,2696,2898,2899,3000,2999
1771,2596,2597,2698,2697,2899,2900,3001,3000
1772,2597,2598,2699,2698,2900,2901,3002,3001
1773,2598,2599,2700,2699,2901,2902,3003,3002
1774,2599,2600,2701,2700,2902,2903,3004,3003
1775,2600,2601,2702,2701,2903,2904,3005,3004
1776,2601,2602,2703,2702,2904,2905,3006,3005
1777,2602,2603,2704,2703,2905,2906,3007,3006
1778,2603,2604,2705,2704,2906,2907,3008,3007
1779,2604,2605,2706,2705,2907,2908,3009,3008
1780,2605,2606,2707,2706,2908,2909,3010,3009
1781,2606,2607,2708,2707,2909,2910,3011,3010
1782,2607,2608,2709,2708,2910,2911,3012,3011
1783,2608,2609,2710,2709,2911,2912,3013,3012
1784,2609,2610,2711,2710,2912,2913,3014,3013
1785,2610,2611,2712,2711,2913,2914,3015,3014
1786,2611,2612,2713,2712,2914,2915,3016,3015
1787,2612,2613,2714,2713,2915,2916,3017,3016
1788,2613,2614,2715,2714,2916,2917,3018,3017
1789,2614,2615,2716,2715,2917,2918,3019,3018
1790,2615,2616,2717,2716,2918,2919,3020,3019
1791,2616,2617,2718,2717,2919,2920,3021,3020
1792,2617,2618,2719,2718,2920,2921,3022,3021
1793,2618,2619,2720,2719,2921,2922,3023,3022
1794,2619,2620,2721,2720,2922,2923,3024,3023
1795,2620,2621,2722,2721,2923,2924,3025,3024
1796,2621,2622,2723,2722,2924,2925,3026,3025
1797,2622,2623,2724,2723,2925,2926,3027,3026
1798,2623,2624,2725,2724,2926,2927,3028,3027
1799,2624,2625,2726,2725,2927,2928,3029,3028
1800,2625,2626,2727,2726,2928,2929,3030,3029
1801,2728,2729,2830,2829,3031,3032,3133,3132
1802,2729,2730,2831,2830,3032,3033,3134,3133
1803,2730,2731,2832,2831,3033,3034,3135,3134
1804,2731,2732,2833,2832,3034,3035,3136,3135
1805,2732,2733,2834,2833,3035,3036,3137,3136
1806,2733,2734,2835,2834,3036,3037,3138,3137
1807,2734,2735,2836,2835,3037,3038,3139,3138
1808,2735,2736,2837,2836,3038,3039,3140,3139
1809,2736,2737,2838,2837,3039,3040,3141,3140
1810,2737,2738,2839,2838,3040,3041,3142,3141
1811,2738,2739,2840,2839,3041,3042,3143,3142
1812,2739,2740,2841,2840,3042,3043,3144,3143
1813,2740,2741,2842,2841,3043,3044,3145,3144
1814,2741,2742,2843,2842,3044,3045,3146,3145
1815,2742,2743,2844,2843,3045,3046,3147,3146
1816,2743,2744,2845,2844,3046,3047,3148,3147
1817,2744,2745,2846,2845,3047,3048,3149,3148
1818,2745,2746,2847,2846,3048,3049,3150,3149
1819,2746,2747,2848,2847,3049,3050,3151,3150
1820,2747,2748,2849,2848,3050,3051,3152,3151
1821,2748,2749,2850,2849,3051,3052,3153,3152
1822,2749,2750,2851,2850,3052,3053,3154,3153
1823,2750,2751,2852,2851,3053,3054,3155,3154
1824,2751,2752,2853,2852,3054,3055,3156,3155
1825,2752,2753,2854,2853,3055,3056,3157,3156
1826,2753,2754,2855,2854,3056,3057,3158,3157
1827,2754,2755,2856,2855,3057,3058,3159,3158
1828,2755,2756,2857,2856,3058,3059,3160,3159
1829,2756,2757,2858,2857,3059,3060,3161,3160
1830,2757,2758,2859,2858,3060,3061,3162,3161
1831,2758,2759,2860,2859,3061,3062,3163,3162
1832,2759,2760,2861,2860,3062,3063,3164,3163
1833,2760,2761,2862,2861,3063,3064,3165,3164
1834,2761,2762,2863,2862,3064,3065,3166,3165
1835,2762,2763,2864,2863,3065,3066,3167,3166
1836,2763,2764,2865,2864,3066,3067,3168,3167
1837,2764,2765,2866,2865,3067,3068,3169,3168
1838,2765,2766,2867,2866,3068,3069,3170,3169
1839,2766,2767,2868,2867,3069,3070,3171,3170
1840,2767,2768,2869,2868,3070,3071,3172,3171
1841,2768,2769,2870,2869,3071,3072,3173,3172
1842,2769,2770,2871,2870,3072,3073,3174,3173
1843,2770,2771,2872,2871,3073,3074,3175,3174
1844,2771,2772,2873,2872,3074,3075,3176,3175
1845,2772,2773,2874,2873,3075,3076,3177,3176
1846,2773,2774,2875,2874,3076,3077,3178,3177
1847,2774,2775,2876,2875,3077,3078,3179,3178
1848,2775,2776,2877,2876,3078,3079,3180,3179
1849,2776,2777,2878,2877,3079,3080,3181,3180
1850,2777,2778,2879,2878,3080,3081,3182,3181
1851,2778,2779,2880,2879,3081,3082,3183,3182
1852,2779,2780,2881,2880,3082,3083,3184,3183
1853,2780,2781,2882,2881,3083,3084,3185,3184
1854,2781,2782,2883,2882,3084,3085,3186,3185
1855,2782,2783,2884,2883,3085,3086,3187,3186
1856,2783,2784,2885,2884,3086,3087,3188,3187
1857,2784,2785,2886,2885,3087,3088,3189,3188
1858,2785,2786,2887,2886,3088,3089,3190,3189
1859,2786,2787,2888,2887,3089,3090,3191,3190
1860,2787,2788,2889,2888,3090,3091,3192,3191
1861,2788,2789,2890,2889,3091,3092,3193,3192
1862,2789,2790,2891,2890,3092,3093,3194,3193
1863,2790,2791,2892,2891,3093,3094,3195,3194
1864,2791,2792,2893,2892,3094,3095,3196,3195
1865,2792,2793,2894,2893,3095,3096,3197,3196
1866,2793,2794,2895,2894,3096,3097,3198,3197
1867,2794,2795,2896,2895,3097,3098,3199,3198
1868,2795,2796,2897,2896,3098,3099,3200,3199
1869,2796,2797,2898,2897,3099,3100,3201,3200
1870,2797,2798,2899,2898,3100,3101,3202,3201
1871,2798,2799,2900,2899,3101,3102,3203,3202
1872,2799,2800,2901,2900,3102,3103,3204,3203
1873,2800,2801,2902,2901,3103,3104,3205,3204
1874,2801,2802,2903,2902,3104,3105,3206,3205
1875,2802,2803,2904,2903,3105,3106,3207,3206
1876,2803,2804,2905,2904,3106,3107,3208,3207
1877,2804,2805,2906,2905,3107,3108,3209,3208
1878,2805,2806,2907,2906,3108,3109,3210,3209
1879,2806,2807,2908,2907,3109,3110,3211,3210
1880,2807,2808,2909,2908,3110,3111,3212,3211
1881,2808,2809,2910,2909,3111,3112,3213,3212
1882,2809,2810,2911,2910,3112,3113,3214,3213
1883,2810,2811,2912,2911,3113,3114,3215,3214
1884,2811,2812,2913,2912,3114,3115,3216,3215
1885,2812,2813,2914,2913,3115,3116,3217,3216
1886,2813,2814,2915,2914,3116,3117,3218,3217
1887,2814,2815,2916,2915,3117,3118,3219,3218
1888,2815,2816,2917,2916,3118,3119,3220,3219
1889,2816,2817,2918,2917,3119,3120,3221,3220
1890,2817,2818,2919,2918,3120,3121,3222,3221
1891,2818,2819,2920,2919,3121,3122,3223,3222
1892,2819,2820,2921,2920,3122,3123,3224,3223
1893,2820,2821,2922,2921,3123,3124,3225,3224
1894,2821,2822,2923,2922,3124,3125,3226,3225
1895,2822,2823,2924,2923,3125,3126,3227,3226
1896,2823,2824,2925,2924,3126,3127,3228,3227
1897,2824,2825,2926,2925,3127,3128,3229,3228
1898,2825,2826,2927,2926,3128,3129,3230,3229
1899,2826,2827,2928,2927,3129,3130,3231,3230
1900,2827,2828,2929,2928,3130,3131,3232,3231
1901,2829,2830,2931,2930,3132,3133,3234,3233
1902,2830,2831,2932,2931,3133,3134,3235,3234
1903,2831,2832,2933,2932,3134,3135,3236,3235
1904,2832,2833,2934,2933,3135,3136,3237,3236
1905,2833,2834,2935,2934,3136,3137,3238,3237
1906,2834,2835,2936,2935,3137,3138,3239,3238
1907,2835,2836,2937,2936,3138,3139,3240,3239
1908,2836,2837,2938,2937,3139,3140,3241,3240
1909,2837,2838,2939,2938,3140,3141,3242,3241
1910,2838,2839,2940,2939,3141,3142,3243,3242
1911,2839,2840,2941,2940,3142,3143,3244,3243
1912,2840,2841,2942,2941,3143,3144,3245,3244
1913,2841,2842,2943,2942,3144,3145,3246,3245
1914,2842,2843,2944,2943,3145,3146,3247,3246
1915,2843,2844,2945,2944,3146,3147,3248,3247
1916,2844,2845,2946,2945,3147,3148,3249,3248
1917,2845,2846,2947,2946,3148,3149,3250,3249
1918,2846,2847,2948,2947,3149,3150,3251,3250
1919,2847,2848,2949,2948,3150,3151,3252,3251
1920,2848,2849,2950,2949,3151,3152,3253,3252
1921,2849,2850,2951,2950,3152,3153,3254,3253
1922,2850,2851,2952,2951,3153,3154,3255,3254
1923,2851,2852,2953,2952,3154,3155,3256,3255
1924,2852,2853,2954,2953,3155,3156,3257,3256
1925,2853,2854,2955,2954,3156,3157,3258,3257
1926,2854,2855,2956,2955,3157,3158,3259,3258
1927,2855,2856,2957,2956,3158,3159,3260,3259
1928,2856,2857,2958,2957,3159,3160,3261,3260
1929,2857,2858,2959,2958,3160,3161,3262,3261
1930,2858,2859,2960,2959,3161,3162,3263,3262
1931,2859,2860,2961,2960,3162,3163,3264,3263
1932,2860,2861,2962,2961,3163,3164,3265,3264
1933,2861,2862,2963,2962,3164,3165,3266,3265
1934,2862,2863,2964,2963,3165,3166,3267,3266
1935,2863,2864,2965,2964,3166,3167,3268,3267
1936,2864,2865,2966,2965,3167,3168,3269,3268
1937,2865,2866,2967,2966,3168,3169,3270,3269
1938,2866,2867,2968,2967,3169,3170,3271,3270
1939,2867,2868,2969,2968,3170,3171,3272,3271
1940,2868,2869,2970,2969,3171,3172,3273,3272
1941,2869,2870,2971,2970,3172,3173,3274,3273
1942,2870,2871,2972,2971,3173,3174,3275,3274
1943,2871,2872,2973,2972,3174,3175,3276,3275
1944,2872,2873,2974,2973,3175,3176,3277,3276
1945,2873,2874,2975,2974,3176,3177,3278,3277
1946,2874,2875,2976,2975,3177,3178,3279,3278
1947,2875,2876,2977,2976,3178,3179,3280,3279
1948,2876,2877,2978,2977,3179,3180,3281,3280
1949,2877,2878,2979,2978,3180,3181,3282,3281
1950,2878,2879,2980,2979,3181,3182,3283,3282
1951,2879,2880,2981,2980,3182,3183,3284,3283
1952,2880,2881,2982,2981,3183,3184,3285,3284
1953,2881,2882,2983,2982,3184,3185,3286,3285
1954,2882,2883,2984,2983,3185,3186,3287,3286
1955,2883,2884,2985,2984,3186,3187,3288,3287
1956,2884,2885,2986,2985,3187,3188,3289,3288
1957,2885,2886,2987,2986,3188,3189,3290,3289
1958,2886,2887,2988,2987,3189,3190,3291,3290
1959,2887,2888,2989,2988,3190,3191,3292,3291
1960,2888,2889,2990,2989,3191,3192,3293,3292
1961,2889,2890,2991,2990,3192,3193,3294,3293
1962,2890,2891,2992,2991,3193,3194,3295,3294
1963,2891,2892,2993,2992,3194,3195,3296,3295
1964,2892,2893,2994,2993,3195,3196,3297,3296
1965,2893,2894,2995,2994,3196,3197,3298,3297
1966,2894,2895,2996,2995,3197,3198,3299,3298
1967,2895,2896,2997,2996,3198,3199,3300,3299
1968,2896,2897,2998,2997,3199,3200,3301,3300
1969,2897,2898,2999,2998,3200,3201,3302,3301
1970,2898,2899,3000,2999,3201,3202,3303,3302
1971,2899,2900,3001,3000,3202,3203,3304,3303
1972,2900,2901,3002,3001,3203,3204,3305,3304
1973,2901,2902,3003,3002,3204,3205,3306,3305
1974,2902,2903,3004,3003,3205,3206,3307,3306
1975,2903,2904,3005,3004,3206,3207,3308,3307
1976,2904,2905,3006,3005,3207,3208,3309,3308
1977,2905,2906,3007,3006,3208,3209,3310,3309
1978,2906,2907,3008,3007,3209,3210,3311,3310
1979,2907,2908,3009,3008,3210,3211,3312,3311
1980,2908,2909,3010,3009,3211,3212,3313,3312
1981,2909,2910,3011,3010,3212,3213,3314,3313
1982,2910,2911,3012,3011,3213,3214,3315,3314
1983,2911,2912,3013,3012,3214,3215,3316,3315
1984,2912,2913,3014,3013,3215,3216,3317,3316
1985,2913,2914,3015,3014,3216,3217,3318,3317
1986,2914,2915,3016,3015,3217,3218,3319,3318
1987,2915,2916,3017,3016,3218,3219,3320,3319
1988,2916,2917,3018,3017,3219,3220,3321,3320
1989,2917,2918,3019,3018,3220,3221,3322,3321
1990,2918,2919,3020,3019,3221,3222,3323,3322
1991,2919,2920,3021,3020,3222,3223,3324,3323
1992,2920,2921,3022,3021,3223,3224,3325,3324
1993,2921,2922,3023,3022,3224,3225,3326,3325
1994,2922,2923,3024,3023,3225,3226,3327,3326
1995,2923,2924,3025,3024,3226,3227,3328,3327
1996,2924,2925,3026,3025,3227,3228,3329,3328
1997,2925,2926,3027,3026,3228,3229,3330,3329
1998,2926,2927,3028,3027,3229,3230,3331,3330
1999,2927,2928,3029,3028,3230,3231,3332,3331
2000,2928,2929,3030,3029,3231,3232,3333,3332
