2001,3334,3335,3339,3338,3434,3435,3439,3438
2002,3335,3336,3340,3339,3435,3436,3440,3439
2003,3336,3337,3341,3340,3436,3437,3441,3440
2004,3338,3339,3343,3342,3438,3439,3443,3442
2005,3339,3340,3344,3343,3439,3440,3444,3443
2006,3340,3341,3345,3344,3440,3441,3445,3444
2007,3342,3343,3347,3346,3442,3443,3447,3446
2008,3343,3344,3348,3347,3443,3444,3448,3447
2009,3344,3345,3349,3348,3444,3445,3449,3448
2010,3346,3347,3351,3350,3446,3447,3451,3450
2011,3347,3348,3352,3351,3447,3448,3452,3451
2012,3348,3349,3353,3352,3448,3449,3453,3452
2013,3350,3351,3355,3354,3450,3451,3455,3454
2014,3351,3352,3356,3355,3451,3452,3456,3455
2015,3352,3353,3357,3356,3452,3453,3457,3456
2016,3354,3355,3359,3358,3454,3455,3459,3458
2017,3355,3356,3360,3359,3455,3456,3460,3459
2018,3356,3357,3361,3360,3456,3457,3461,3460
2019,3358,3359,3363,3362,3458,3459,3463,3462
2020,3359,3360,3364,3363,3459,3460,3464,3463
2021,3360,3361,3365,3364,3460,3461,3465,3464
2022,3362,3363,3367,3366,3462,3463,3467,3466
2023,3363,3364,3368,3367,3463,3464,3468,3467
2024,3364,3365,3369,3368,3464,3465,3469,3468
2025,3366,3367,3371,3370,3466,3467,3471,3470
2026,3367,3368,3372,3371,3467,3468,3472,3471
2027,3368,3369,3373,3372,3468,3469,3473,3472
2028,3370,3371,3375,3374,3470,3471,3475,3474
2029,3371,3372,3376,3375,3471,3472,3476,3475
2030,3372,3373,3377,3376,3472,3473,3477,3476
2031,3374,3375,3379,3378,3474,3475,3479,3478
2032,3375,3376,3380,3379,3475,3476,3480,3479
2033,3376,3377,3381,3380,3476,3477,3481,3480
2034,3378,3379,3383,3382,3478,3479,3483,3482
2035,3379,3380,3384,3383,3479,3480,3484,3483
2036,3380,3381,3385,3384,3480,3481,3485,3484
2037,3382,3383,3387,3386,3482,3483,3487,3486
2038,3383,3384,3388,3387,3483,3484,3488,3487
2039,3384,3385,3389,3388,3484,3485,3489,3488
2040,3386,3387,3391,3390,3486,3487,3491,3490
2041,3387,3388,3392,3391,3487,3488,3492,3491
2042,3388,3389,3393,3392,3488,3489,3493,3492
2043,3390,3391,3395,3394,3490,3491,3495,3494
2044,3391,3392,3396,3395,3491,3492,3496,3495
2045,3392,3393,3397,3396,3492,3493,3497,3496
2046,3394,3395,3399,3398,3494,3495,3499,3498
2047,3395,3396,3400,3399,3495,3496,3500,3499
2048,3396,3397,3401,3400,3496,3497,3501,3500
2049,3398,3399,3403,3402,3498,3499,3503,3502
2050,3399,3400,3404,3403,3499,3500,3504,3503
2051,3400,3401,3405,3404,3500,3501,3505,3504
2052,3402,3403,3407,3406,3502,3503,3507,3506
2053,3403,3404,3408,3407,3503,3504,3508,3507
2054,3404,3405,3409,3408,3504,3505,3509,3508
2055,3406,3407,3411,3410,3506,3507,3511,3510
2056,3407,3408,3412,3411,3507,3508,3512,3511
2057,3408,3409,3413,3412,3508,3509,3513,3512
2058,3410,3411,3415,3414,3510,3511,3515,3514
2059,3411,3412,3416,3415,3511,3512,3516,3515
2060,3412,3413,3417,3416,3512,3513,3517,3516
2061,3414,3415,3419,3418,3514,3515,3519,3518
2062,3415,3416,3420,3419,3515,3516,3520,3519
2063,3416,3417,3421,3420,3516,3517,3521,3520
2064,3418,3419,3423,3422,3518,3519,3523,3522
2065,3419,3420,3424,3423,3519,3520,3524,3523
2066,3420,3421,3425,3424,3520,3521,3525,3524
2067,3422,3423,3427,3426,3522,3523,3527,3526
2068,3423,3424,3428,3427,3523,3524,3528,3527
2069,3424,3425,3429,3428,3524,3525,3529,3528
2070,3426,3427,3431,3430,3526,3527,3531,3530
2071,3427,3428,3432,3431,3527,3528,3532,3531
2072,3428,3429,3433,3432,3528,3529,3533,3532
2073,3434,3435,3439,3438,3534,3535,3539,3538
2074,3435,3436,3440,3439,3535,3536,3540,3539
2075,3436,3437,3441,3440,3536,3537,3541,3540
2076,3438,3439,3443,3442,3538,3539,3543,3542
2077,3439,3440,3444,3443,3539,3540,3544,3543
2078,3440,3441,3445,3444,3540,3541,3545,3544
2079,3442,3443,3447,3446,3542,3543,3547,3546
2080,3443,3444,3448,3447,3543,3544,3548,3547
2081,3444,3445,3449,3448,3544,3545,3549,3548
2082,3446,3447,3451,3450,3546,3547,3551,3550
2083,3447,3448,3452,3451,3547,3548,3552,3551
2084,3448,3449,3453,3452,3548,3549,3553,3552
2085,3450,3451,3455,3454,3550,3551,3555,3554
2086,3451,3452,3456,3455,3551,3552,3556,3555
2087,3452,3453,3457,3456,3552,3553,3557,3556
2088,3454,3455,3459,3458,3554,3555,3559,3558
2089,3455,3456,3460,3459,3555,3556,3560,3559
2090,3456,3457,3461,3460,3556,3557,3561,3560
2091,3458,3459,3463,3462,3558,3559,3563,3562
2092,3459,3460,3464,3463,3559,3560,3564,3563
2093,3460,3461,3465,3464,3560,3561,3565,3564
2094,3462,3463,3467,3466,3562,3563,3567,3566
2095,3463,3464,3468,3467,3563,3564,3568,3567
2096,3464,3465,3469,3468,3564,3565,3569,3568
2097,3466,3467,3471,3470,3566,3567,3571,3570
2098,3467,3468,3472,3471,3567,3568,3572,3571
2099,3468,3469,3473,3472,3568,3569,3573,3572
2100,3470,3471,3475,3474,3570,3571,3575,3574
2101,3471,3472,3476,3475,3571,3572,3576,3575
2102,3472,3473,3477,3476,3572,3573,3577,3576
2103,3474,3475,3479,3478,3574,3575,3579,3578
2104,3475,3476,3480,3479,3575,3576,3580,3579
2105,3476,3477,3481,3480,3576,3577,3581,3580
2106,3478,3479,3483,3482,3578,3579,3583,3582
2107,3479,3480,3484,3483,3579,3580,3584,3583
2108,3480,3481,3485,3484,3580,3581,3585,3584
2109,3482,3483,3487,3486,3582,3583,3587,3586
2110,3483,3484,3488,3487,3583,3584,3588,3587
2111,3484,3485,3489,3488,3584,3585,3589,3588
2112,3486,3487,3491,3490,3586,3587,3591,3590
2113,3487,3488,3492,3491,3587,3588,3592,3591
2114,3488,3489,3493,3492,3588,3589,3593,3592
2115,3490,3491,3495,3494,3590,3591,3595,3594
2116,3491,3492,3496,3495,3591,3592,3596,3595
2117,3492,3493,3497,3496,3592,3593,3597,3596
2118,3494,3495,3499,3498,3594,3595,3599,3598
2119,3495,3496,3500,3499,3595,3596,3600,3599
2120,3496,3497,3501,3500,3596,3597,3601,3600
2121,3498,3499,3503,3502,3598,3599,3603,3602
2122,3499,3500,3504,3503,3599,3600,3604,3603
2123,3500,3501,3505,3504,3600,3601,3605,3604
2124,3502,3503,3507,3506,3602,3603,3607,3606
2125,3503,3504,3508,3507,3603,3604,3608,3607
2126,3504,3505,3509,3508,3604,3605,3609,3608
2127,3506,3507,3511,3510,3606,3607,3611,3610
2128,3507,3508,3512,3511,3607,3608,3612,3611
2129,3508,3509,3513,3512,3608,3609,3613,3612
2130,3510,3511,3515,3514,3610,3611,3615,3614
2131,3511,3512,3516,3515,3611,3612,3616,3615
2132,3512,3513,3517,3516,3612,3613,3617,3616
2133,3514,3515,3519,3518,3614,3615,3619,3618
2134,3515,3516,3520,3519,3615,3616,3620,3619
2135,3516,3517,3521,3520,3616,3617,3621,3620
2136,3518,3519,3523,3522,3618,3619,3623,3622
2137,3519,3520,3524,3523,3619,3620,3624,3623
2138,3520,3521,3525,3524,3620,3621,3625,3624
2139,3522,3523,3527,3526,3622,3623,3627,3626
2140,3523,3524,3528,3527,3623,3624,3628,3627
2141,3524,3525,3529,3528,3624,3625,3629,3628
2142,3526,3527,3531,3530,3626,3627,3631,3630
2143,3527,3528,3532,3531,3627,3628,3632,3631
2144,3528,3529,3533,3532,3628,3629,3633,3632
2145,3534,3535,3539,3538,3634,3635,3639,3638
2146,3535,3536,3540,3539,3635,3636,3640,3639
2147,3536,3537,3541,3540,3636,3637,3641,3640
2148,3538,3539,3543,3542,3638,3639,3643,3642
2149,3539,3540,3544,3543,3639,3640,3644,3643
2150,3540,3541,3545,3544,3640,3641,3645,3644
2151,3542,3543,3547,3546,3642,3643,3647,3646
2152,3543,3544,3548,3547,3643,3644,3648,3647
2153,3544,3545,3549,3548,3644,3645,3649,3648
2154,3546,3547,3551,3550,3646,3647,3651,3650
2155,3547,3548,3552,3551,3647,3648,3652,3651
2156,3548,3549,3553,3552,3648,3649,3653,3652
2157,3550,3551,3555,3554,3650,3651,3655,3654
2158,3551,3552,3556,3555,3651,3652,3656,3655
2159,3552,3553,3557,3556,3652,3653,3657,3656
2160,3554,3555,3559,3558,3654,3655,3659,3658
2161,3555,3556,3560,3559,3655,3656,3660,3659
2162,3556,3557,3561,3560,3656,3657,3661,3660
2163,3558,3559,3563,3562,3658,3659,3663,3662
2164,3559,3560,3564,3563,3659,3660,3664,3663
2165,3560,3561,3565,3564,3660,3661,3665,3664
2166,3562,3563,3567,3566,3662,3663,3667,3666
2167,3563,3564,3568,3567,3663,3664,3668,3667
2168,3564,3565,3569,3568,3664,3665,3669,3668
2169,3566,3567,3571,3570,3666,3667,3671,3670
2170,3567,3568,3572,3571,3667,3668,3672,3671
2171,3568,3569,3573,3572,3668,3669,3673,3672
2172,3570,3571,3575,3574,3670,3671,3675,3674
2173,3571,3572,3576,3575,3671,3672,3676,3675
2174,3572,3573,3577,3576,3672,3673,3677,3676
2175,3574,3575,3579,3578,3674,3675,3679,3678
2176,3575,3576,3580,3579,3675,3676,3680,3679
2177,3576,3577,3581,3580,3676,3677,3681,3680
2178,3578,3579,3583,3582,3678,3679,3683,3682
2179,3579,3580,3584,3583,3679,3680,3684,3683
2180,3580,3581,3585,3584,3680,3681,3685,3684
2181,3582,3583,3587,3586,3682,3683,3687,3686
2182,3583,3584,3588,3587,3683,3684,3688,3687
2183,3584,3585,3589,3588,3684,3685,3689,3688
2184,3586,3587,3591,3590,3686,3687,3691,3690
2185,3587,3588,3592,3591,3687,3688,3692,3691
2186,3588,3589,3593,3592,3688,3689,3693,3692
2187,3590,3591,3595,3594,3690,3691,3695,3694
2188,3591,3592,3596,3595,3691,3692,3696,3695
2189,3592,3593,3597,3596,3692,3693,3697,3696
2190,3594,3595,3599,3598,3694,3695,3699,3698
2191,3595,3596,3600,3599,3695,3696,3700,3699
2192,3596,3597,3601,3600,3696,3697,3701,3700
2193,3598,3599,3603,3602,3698,3699,3703,3702
2194,3599,3600,3604,3603,3699,3700,3704,3703
2195,3600,3601,3605,3604,3700,3701,3705,3704
2196,3602,3603,3607,3606,3702,3703,3707,3706
2197,3603,3604,3608,3607,3703,3704,3708,3707
2198,3604,3605,3609,3608,3704,3705,3709,3708
2199,3606,3607,3611,3610,3706,3707,3711,3710
2200,3607,3608,3612,3611,3707,3708,3712,3711
2201,3608,3609,3613,3612,3708,3709,3713,3712
2202,3610,3611,3615,3614,3710,3711,3715,3714
2203,3611,3612,3616,3615,3711,3712,3716,3715
2204,3612,3613,3617,3616,3712,3713,3717,3716
2205,3614,3615,3619,3618,3714,3715,3719,3718
2206,3615,3616,3620,3619,3715,3716,3720,3719
2207,3616,3617,3621,3620,3716,3717,3721,3720
2208,3618,3619,3623,3622,3718,3719,3723,3722
2209,3619,3620,3624,3623,3719,3720,3724,3723
2210,3620,3621,3625,3624,3720,3721,3725,3724
2211,3622,3623,3627,3626,3722,3723,3727,3726
2212,3623,3624,3628,3627,3723,3724,3728,3727
2213,3624,3625,3629,3628,3724,3725,3729,3728
2214,3626,3627,3631,3630,3726,3727,3731,3730
2215,3627,3628,3632,3631,3727,3728,3732,3731
2216,3628,3629,3633,3632,3728,3729,3733,3732
2217,3634,3635,3639,3638,3734,3735,3739,3738
2218,3635,3636,3640,3639,3735,3736,3740,3739
2219,3636,3637,3641,3640,3736,3737,3741,3740
2220,3638,3639,3643,3642,3738,3739,3743,3742
2221,3639,3640,3644,3643,3739,3740,3744,3743
2222,3640,3641,3645,3644,3740,3741,3745,3744
2223,3642,3643,3647,3646,3742,3743,3747,3746
2224,3643,3644,3648,3647,3743,3744,3748,3747
2225,3644,3645,3649,3648,3744,3745,3749,3748
2226,3646,3647,3651,3650,3746,3747,3751,3750
2227,3647,3648,3652,3651,3747,3748,3752,3751
2228,3648,3649,3653,3652,3748,3749,3753,3752
2229,3650,3651,3655,3654,3750,3751,3755,3754
2230,3651,3652,3656,3655,3751,3752,3756,3755
2231,3652,3653,3657,3656,3752,3753,3757,3756
2232,3654,3655,3659,3658,3754,3755,3759,3758
2233,3655,3656,3660,3659,3755,3756,3760,3759
2234,3656,3657,3661,3660,3756,3757,3761,3760
2235,3658,3659,3663,3662,3758,3759,3763,3762
2236,3659,3660,3664,3663,3759,3760,3764,3763
2237,3660,3661,3665,3664,3760,3761,3765,3764
2238,3662,3663,3667,3666,3762,3763,3767,3766
2239,3663,3664,3668,3667,3763,3764,3768,3767
2240,3664,3665,3669,3668,3764,3765,3769,3768
2241,3666,3667,3671,3670,3766,3767,3771,3770
2242,3667,3668,3672,3671,3767,3768,3772,3771
2243,3668,3669,3673,3672,3768,3769,3773,3772
2244,3670,3671,3675,3674,3770,3771,3775,3774
2245,3671,3672,3676,3675,3771,3772,3776,3775
2246,3672,3673,3677,3676,3772,3773,3777,3776
2247,3674,3675,3679,3678,3774,3775,3779,3778
2248,3675,3676,3680,3679,3775,3776,3780,3779
2249,3676,3677,3681,3680,3776,3777,3781,3780
2250,3678,3679,3683,3682,3778,3779,3783,3782
2251,3679,3680,3684,3683,3779,3780,3784,3783
2252,3680,3681,3685,3684,3780,3781,3785,3784
2253,3682,3683,3687,3686,3782,3783,3787,3786
2254,3683,3684,3688,3687,3783,3784,3788,3787
2255,3684,3685,3689,3688,3784,3785,3789,3788
2256,3686,3687,3691,3690,3786,3787,3791,3790
2257,3687,3688,3692,3691,3787,3788,3792,3791
2258,3688,3689,3693,3692,3788,3789,3793,3792
2259,3690,3691,3695,3694,3790,3791,3795,3794
2260,3691,3692,3696,3695,3791,3792,3796,3795
2261,3692,3693,3697,3696,3792,3793,3797,3796
2262,3694,3695,3699,3698,3794,3795,3799,3798
2263,3695,3696,3700,3699,3795,3796,3800,3799
2264,3696,3697,3701,3700,3796,3797,3801,3800
2265,3698,3699,3703,3702,3798,3799,3803,3802
2266,3699,3700,3704,3703,3799,3800,3804,3803
2267,3700,3701,3705,3704,3800,3801,3805,3804
2268,3702,3703,3707,3706,3802,3803,3807,3806
2269,3703,3704,3708,3707,3803,3804,3808,3807
2270,3704,3705,3709,3708,3804,3805,3809,3808
2271,3706,3707,3711,3710,3806,3807,3811,3810
2272,3707,3708,3712,3711,3807,3808,3812,3811
2273,3708,3709,3713,3712,3808,3809,3813,3812
2274,3710,3711,3715,3714,3810,3811,3815,3814
2275,3711,3712,3716,3715,3811,3812,3816,3815
2276,3712,3713,3717,3716,3812,3813,3817,3816
2277,3714,3715,3719,3718,3814,3815,3819,3818
2278,3715,3716,3720,3719,3815,3816,3820,3819
2279,3716,3717,3721,3720,3816,3817,3821,3820
2280,3718,3719,3723,3722,3818,3819,3823,3822
2281,3719,3720,3724,3723,3819,3820,3824,3823
2282,3720,3721,3725,3724,3820,3821,3825,3824
2283,3722,3723,3727,3726,3822,3823,3827,3826
2284,3723,3724,3728,3727,3823,3824,3828,3827
2285,3724,3725,3729,3728,3824,3825,3829,3828
2286,3726,3727,3731,3730,3826,3827,3831,3830
2287,3727,3728,3732,3731,3827,3828,3832,3831
2288,3728,3729,3733,3732,3828,3829,3833,3832
2289,3734,3735,3739,3738,3834,3835,3839,3838
2290,3735,3736,3740,3739,3835,3836,3840,3839
2291,3736,3737,3741,3740,3836,3837,3841,3840
2292,3738,3739,3743,3742,3838,3839,3843,3842
2293,3739,3740,3744,3743,3839,3840,3844,3843
2294,3740,3741,3745,3744,3840,3841,3845,3844
2295,3742,3743,3747,3746,3842,3843,3847,3846
2296,3743,3744,3748,3747,3843,3844,3848,3847
2297,3744,3745,3749,3748,3844,3845,3849,3848
2298,3746,3747,3751,3750,3846,3847,3851,3850
2299,3747,3748,3752,3751,3847,3848,3852,3851
2300,3748,3749,3753,3752,3848,3849,3853,3852
2301,3750,3751,3755,3754,3850,3851,3855,3854
2302,3751,3752,3756,3755,3851,3852,3856,3855
2303,3752,3753,3757,3756,3852,3853,3857,3856
2304,3754,3755,3759,3758,3854,3855,3859,3858
2305,3755,3756,3760,3759,3855,3856,3860,3859
2306,3756,3757,3761,3760,3856,3857,3861,3860
2307,3758,3759,3763,3762,3858,3859,3863,3862
2308,3759,3760,3764,3763,3859,3860,3864,3863
2309,3760,3761,3765,3764,3860,3861,3865,3864
2310,3762,3763,3767,3766,3862,3863,3867,3866
2311,3763,3764,3768,3767,3863,3864,3868,3867
2312,3764,3765,3769,3768,3864,3865,3869,3868
2313,3766,3767,3771,3770,3866,3867,3871,3870
2314,3767,3768,3772,3771,3867,3868,3872,3871
2315,3768,3769,3773,3772,3868,3869,3873,3872
2316,3770,3771,3775,3774,3870,3871,3875,3874
2317,3771,3772,3776,3775,3871,3872,3876,3875
2318,3772,3773,3777,3776,3872,3873,3877,3876
2319,3774,3775,3779,3778,3874,3875,3879,3878
2320,3775,3776,3780,3779,3875,3876,3880,3879
2321,3776,3777,3781,3780,3876,3877,3881,3880
2322,3778,3779,3783,3782,3878,3879,3883,3882
2323,3779,3780,3784,3783,3879,3880,3884,3883
2324,3780,3781,3785,3784,3880,3881,3885,3884
2325,3782,3783,3787,3786,3882,3883,3887,3886
2326,3783,3784,3788,3787,3883,3884,3888,3887
2327,3784,3785,3789,3788,3884,3885,3889,3888
2328,3786,3787,3791,3790,3886,3887,3891,3890
2329,3787,3788,3792,3791,3887,3888,3892,3891
2330,3788,3789,3793,3792,3888,3889,3893,3892
2331,3790,3791,3795,3794,3890,3891,3895,3894
2332,3791,3792,3796,3795,3891,3892,3896,3895
2333,3792,3793,3797,3796,3892,3893,3897,3896
2334,3794,3795,3799,3798,3894,3895,3899,3898
2335,3795,3796,3800,3799,3895,3896,3900,3899
2336,3796,3797,3801,3800,3896,3897,3901,3900
2337,3798,3799,3803,3802,3898,3899,3903,3902
2338,3799,3800,3804,3803,3899,3900,3904,3903
2339,3800,3801,3805,3804,3900,3901,3905,3904
2340,3802,3803,3807,3806,3902,3903,3907,3906
2341,3803,3804,3808,3807,3903,3904,3908,3907
2342,3804,3805,3809,3808,3904,3905,3909,3908
2343,3806,3807,3811,3810,3906,3907,3911,3910
2344,3807,3808,3812,3811,3907,3908,3912,3911
2345,3808,3809,3813,3812,3908,3909,3913,3912
2346,3810,3811,3815,3814,3910,3911,3915,3914
2347,3811,3812,3816,3815,3911,3912,3916,3915
2348,3812,3813,3817,3816,3912,3913,3917,3916
2349,3814,3815,3819,3818,3914,3915,3919,3918
2350,3815,3816,3820,3819,3915,3916,3920,3919
2351,3816,3817,3821,3820,3916,3917,3921,3920
2352,3818,3819,3823,3822,3918,3919,3923,3922
2353,3819,3820,3824,3823,3919,3920,3924,3923
2354,3820,3821,3825,3824,3920,3921,3925,3924
2355,3822,3823,3827,3826,3922,3923,3927,3926
2356,3823,3824,3828,3827,3923,3924,3928,3927
2357,3824,3825,3829,3828,3924,3925,3929,3928
2358,3826,3827,3831,3830,3926,3927,3931,3930
2359,3827,3828,3832,3831,3927,3928,3932,3931
2360,3828,3829,3833,3832,3928,3929,3933,3932
